op   Modelsim_bin_res                   Modelsim_dec_res A_binary                             B_binary                             
val  Expected_bin_res                   Expected_dec_res A_decimal                            B_decimal                            

div  01000010010001011010100            1.26E+00       111000110010110100010000           101101000111010110011010           
NO   01000010010001011011011            1.26E+00       1.77E+00                           1.41E+00                           

div  11000011010111000101110            7.63E-01       101101101111000001011011           111011111011100011101110           
ok   11000011010111000101110            7.63E-01       1.43E+00                           1.87E+00                           

div  11110001100010001110110            9.43E-01       110010100011110110110000           110101100101101001010100           
ok   11110001100010001110110            9.43E-01       1.58E+00                           1.67E+00                           

div  00001101000101101011100            1.05E+00       110010100000001100010010           110000000010111101101010           
NO   00001101000101101111100            1.05E+00       1.58E+00                           1.50E+00                           

div  01000101010110100100011            1.27E+00       101111101010000000101111           100101011111101111100011           
NO   01000101010111101001000            1.27E+00       1.49E+00                           1.17E+00                           

div  10011111000011111010110            6.21E-01       100110110010001100010000           111110011010111100100001           
ok   10011111000011111010110            6.21E-01       1.21E+00                           1.95E+00                           

div  10001111110000011110001            5.62E-01       100000001110010111100011           111001011000100111101101           
NO   10001111110000011110000            5.62E-01       1.01E+00                           1.79E+00                           

div  00100111011010010000000            1.15E+00       110010010010100101010110           101011011011110010011011           
NO   00101000011010010000000            1.16E+00       1.57E+00                           1.36E+00                           

div  11010111001111011110111            8.41E-01       110101000100010111000011           111111000111011111100001           
ok   11010111001111011110111            8.41E-01       1.66E+00                           1.97E+00                           

div  00011010010101001001011            1.10E+00       111100011101111101100111           110110110101000010111100           
ok   00011010010101001001011            1.10E+00       1.89E+00                           1.71E+00                           

div  11100000110000100010011            8.78E-01       110000100001011111011100           110111010001001010000010           
ok   11100000110000100010011            8.78E-01       1.52E+00                           1.73E+00                           

div  10010111101001101101001            5.92E-01       100011111100110010010101           111100101011111010001110           
ok   10010111101001101101001            5.92E-01       1.12E+00                           1.90E+00                           

div  11110110111110100101100            9.65E-01       110110110000001001011001           111000110000001001110010           
ok   11110110111110100101100            9.65E-01       1.71E+00                           1.77E+00                           

div  11101011010110011010111            9.19E-01       110110000110110011101001           111010110110101000100110           
ok   11101011010110011010111            9.19E-01       1.69E+00                           1.84E+00                           

div  10001100011101001111010            5.49E-01       100010000001011011111111           111110000000101001100010           
ok   10001100011101001111010            5.49E-01       1.06E+00                           1.94E+00                           

div  01111001011101010001101            1.47E+00       111000101110111000001111           100100101011110101100100           
NO   10001011111001011111111            1.55E+00       1.77E+00                           1.15E+00                           

div  01010011011001101000100            1.33E+00       111000110001011001011101           101010110100101000011011           
NO   01010011011001000111101            1.33E+00       1.77E+00                           1.34E+00                           

div  11001000010100100110001            7.83E-01       100101101001001011000101           110000000110110010011001           
ok   11001000010100100110001            7.83E-01       1.18E+00                           1.50E+00                           

div  00100110010001101001001            1.15E+00       111001111110010001011101           110010011011101001010001           
NO   00100110010001111000111            1.15E+00       1.81E+00                           1.58E+00                           

div  00010011001011111101101            1.07E+00       111101100111110000101110           111001010100110010100001           
ok   00010011001011111101101            1.07E+00       1.93E+00                           1.79E+00                           

div  00000110011010111110101            1.03E+00       110001110001001110000010           110000100011001101111011           
NO   00000110011011010010110            1.03E+00       1.56E+00                           1.52E+00                           

div  00110010100111101111011            1.20E+00       111011010011101100110000           110001100001000011100110           
ok   00110010100111101111011            1.20E+00       1.85E+00                           1.55E+00                           

div  10001010100010010011110            5.41E-01       100010000100101001000000           111110111101100101111101           
ok   10001010100010010011110            5.41E-01       1.06E+00                           1.97E+00                           

div  10111001000001101010111            7.23E-01       101100110001111101100000           111101111101010011111001           
ok   10111001000001101010111            7.23E-01       1.40E+00                           1.94E+00                           

div  11000110010000100001001            7.74E-01       101011010101010101001110           110111111101000011011100           
ok   11000110010000100001001            7.74E-01       1.35E+00                           1.75E+00                           

div  11010101010111010100000            8.33E-01       101110000101100011011001           110111010010111100110101           
ok   11010101010111010100000            8.33E-01       1.44E+00                           1.73E+00                           

div  11010010000001101001100            8.20E-01       101100100100011001110000           110110010100110001100100           
NO   11010010000001101100110            8.20E-01       1.39E+00                           1.70E+00                           

div  01001010010101111110100            1.29E+00       101010110111001100101000           100000110000100110110110           
NO   01001110111100110011001            1.31E+00       1.34E+00                           1.02E+00                           

div  01101010111010100001010            1.42E+00       111110111101111001111001           101100011000101000010001           
NO   01101011001011011011010            1.42E+00       1.97E+00                           1.39E+00                           

div  11100101011110100000101            8.96E-01       110010010010000011111111           111000000110000000101101           
ok   11100101011110100000101            8.96E-01       1.57E+00                           1.75E+00                           

div  11011011100011011111111            8.58E-01       110110001111010001110001           111111001111011111111000           
ok   11011011100011011111111            8.58E-01       1.69E+00                           1.98E+00                           

div  00000101010001011110111            1.02E+00       100001000001000100101111           100000000000110110101011           
NO   00001000000001100010110            1.03E+00       1.03E+00                           1.00E+00                           

div  00000001100110111011000            1.01E+00       110000000101011001000101           101111101111001101110100           
NO   00000001110110111011000            1.01E+00       1.50E+00                           1.49E+00                           

div  10101011001000100001010            6.68E-01       100101011001011011110010           110111111100010111011000           
ok   10101011001000100001010            6.68E-01       1.17E+00                           1.75E+00                           

div  11001010011101010100011            7.91E-01       100010011100101110011111           101011100010111011010000           
NO   11001010100001010100011            7.91E-01       1.08E+00                           1.36E+00                           

div  01000101011110111010110            1.27E+00       111000101111111000110101           101100010111010010010111           
NO   01000111011101101011001            1.28E+00       1.77E+00                           1.39E+00                           

div  11110000101001011001011            9.40E-01       101001100100001011011101           101100001101111001000011           
NO   11110000101001011011011            9.40E-01       1.30E+00                           1.38E+00                           

div  00101101110010101111011            1.18E+00       110101010011101010010001           101101001101111110100010           
NO   00101101110010110100011            1.18E+00       1.67E+00                           1.41E+00                           

div  11010110011100000001111            8.38E-01       101110111101111100011011           111000000100100011010010           
ok   11010110011100000001111            8.38E-01       1.47E+00                           1.75E+00                           

div  10110101101010100100101            1.71E+00       111011001110110110010110           100000101000001011110111           
NO   11010000101111001011100            1.82E+00       1.85E+00                           1.02E+00                           

div  11110110101010010111000            9.64E-01       110101111100001011001000           110111111110101000111010           
NO   11110110101011010111000            9.64E-01       1.69E+00                           1.75E+00                           

div  01110100010101010011101            1.45E+00       111110110011101101100001           101001011001111010000010           
NO   10000100010101010011101            1.52E+00       1.96E+00                           1.29E+00                           

div  01011001011110101110011            1.35E+00       111101111100101100101010           101101101001100000001000           
NO   01011011011010010100011            1.36E+00       1.94E+00                           1.43E+00                           

div  00110110010110110010101            1.21E+00       110010111100011011101011           101010000001011001010111           
NO   00110110010110110010110            1.21E+00       1.59E+00                           1.31E+00                           

div  00010110011101001011100            1.09E+00       101001101000110100111000           100110010000111110001110           
NO   00010110100100000110001            1.09E+00       1.30E+00                           1.20E+00                           

div  11000101110100010011100            7.73E-01       101000111010101000110000           110100111100110101101111           
ok   11000101110100010011100            7.73E-01       1.28E+00                           1.65E+00                           

div  11010101011010101101001            8.34E-01       101001010111010100001011           110001100111100000111010           
NO   11010101011010110001001            8.34E-01       1.29E+00                           1.55E+00                           

div  01000001010101001000110            1.26E+00       111101100100011000010001           110001000011010000001101           
ok   01000001010101001000110            1.26E+00       1.92E+00                           1.53E+00                           

div  10101011100111010010111            6.70E-01       100001001100101101100101           110001100001011110011010           
ok   10101011100111010010111            6.70E-01       1.04E+00                           1.55E+00                           

div  00000000101010100101001            1.00E+00       111100100000101001101011           111100010110100111001100           
ok   00000000101010100101001            1.00E+00       1.89E+00                           1.89E+00                           

div  00011111100010111001010            1.12E+00       100111010011110111001011           100010010001100010111001           
NO   00100101100111011100011            1.15E+00       1.23E+00                           1.07E+00                           

div  11111100000100010000010            9.85E-01       110101011111100101110001           110110010101000001000000           
ok   11111100000100010000010            9.85E-01       1.67E+00                           1.70E+00                           

div  10101011011011011100100            6.70E-01       100111110111001000100011           111011100001101011111101           
ok   10101011011011011100100            6.70E-01       1.25E+00                           1.86E+00                           

div  11010101100100101111111            8.34E-01       100010111101010100111010           101001111010000101111111           
NO   11010101100011000100011            8.34E-01       1.09E+00                           1.31E+00                           

div  10100110111010010101010            6.52E-01       100011010100111011011101           110110001011101100110000           
NO   10100110111010010100001            6.52E-01       1.10E+00                           1.69E+00                           

div  11000000010000000001000            7.51E-01       101100111100011001101001           111011110110001101010111           
NO   11000000010000000000111            7.51E-01       1.40E+00                           1.87E+00                           

div  11111001000001111000101            9.73E-01       111001101001001111110100           111011010000100000110010           
ok   11111001000001111000101            9.73E-01       1.80E+00                           1.85E+00                           

div  11101001101100110011001            9.13E-01       110101111010000110101010           111011000011010100011000           
NO   11101001101100110011000            9.13E-01       1.68E+00                           1.85E+00                           

div  11111001010011000110101            9.74E-01       101100001101100001111000           101101100101010010101101           
NO   11111000010011000110111            9.70E-01       1.38E+00                           1.42E+00                           

div  11111001010101010000001            9.74E-01       110001100011101001011100           110010111000100001001011           
NO   11111001010101000000001            9.74E-01       1.55E+00                           1.59E+00                           

div  00101111000110101001101            1.18E+00       110100000110110100101101           101100000000100100101111           
NO   00101111000110101001111            1.18E+00       1.63E+00                           1.38E+00                           

div  11111001010100011001011            9.74E-01       110000011001110001101111           110001111001100101101111           
NO   11111000010100011101001            9.70E-01       1.51E+00                           1.56E+00                           

div  01010010101011101010111            1.32E+00       101100110100011100010110           100001110001110100111010           
NO   01010011101011010010010            1.33E+00       1.40E+00                           1.06E+00                           

div  11000110101111111111101            7.76E-01       100001100110001111000000           101011000011101111101110           
NO   11000111101111111111101            7.80E-01       1.05E+00                           1.35E+00                           

div  01000011011011010110010            1.26E+00       111011000000101010001110           101110101101010011111101           
NO   01000011011011010110000            1.26E+00       1.84E+00                           1.46E+00                           

div  01101010111110111101000            1.42E+00       110110001010011000110010           100110001010100101011001           
NO   01101011010011010011111            1.42E+00       1.69E+00                           1.19E+00                           

div  00000100100101010010001            1.02E+00       111100011101010011001100           111011011001010000010100           
ok   00000100100101010010001            1.02E+00       1.89E+00                           1.86E+00                           

div  00011010001111000101001            1.10E+00       101100101111101010110011           101000000001101000111011           
NO   00011110001011110000000            1.12E+00       1.40E+00                           1.25E+00                           

div  01000010101101001011101            1.26E+00       101000111010010010110010           100000010101001010101111           
NO   01000011111100000100001            1.27E+00       1.28E+00                           1.01E+00                           

div  01010110011110100111100            1.34E+00       110111110100000000100111           100101010010110101001111           
NO   01111111000111011100110            1.50E+00       1.74E+00                           1.17E+00                           

div  10100111101101101000101            6.55E-01       100011001001100100111100           110101101001110010101011           
ok   10100111101101101000101            6.55E-01       1.10E+00                           1.68E+00                           

div  11101100110000001101110            9.25E-01       101000000000000110100001           101011010000001110010001           
NO   11101100110000001101101            9.25E-01       1.25E+00                           1.35E+00                           

div  00111100110101010001011            1.24E+00       110101000011101110010111           101010110111110001011110           
NO   00111100110101000001011            1.24E+00       1.66E+00                           1.34E+00                           

div  00101010110001010100101            1.17E+00       110011100010000000001000           101100000111100000110010           
NO   00101011000001010100101            1.17E+00       1.61E+00                           1.38E+00                           

div  01110100011010001101100            1.45E+00       111100010110010100110000           100110100100100011100101           
NO   10010000100010100011001            1.56E+00       1.89E+00                           1.21E+00                           

div  00101111110001000000000            1.19E+00       110100101101000010111101           101100011010101001101100           
ok   00101111110001000000000            1.19E+00       1.65E+00                           1.39E+00                           

div  01100110101001001001000            1.40E+00       111010101001011011101110           100011111011111111100101           
NO   10100001110001100100110            1.63E+00       1.83E+00                           1.12E+00                           

div  00000010001010101101001            1.01E+00       111111100001001011010010           111110111111000011001011           
ok   00000010001010101101001            1.01E+00       1.98E+00                           1.97E+00                           

div  10110100001110001111011            7.04E-01       101100110010000010110010           111111100111000111100011           
ok   10110100001110001111011            7.04E-01       1.40E+00                           1.99E+00                           

div  00010101111110001111001            1.09E+00       110010111001100100000000           101101100110110111111110           
NO   00011101101101000110001            1.12E+00       1.59E+00                           1.43E+00                           

div  01001001100101101011010            1.29E+00       110100100010100110100100           101000110011110100010101           
NO   01001001100101101100010            1.29E+00       1.64E+00                           1.28E+00                           

div  11100111011101010001010            9.04E-01       110011001000011111110111           111000100011011111111000           
ok   11100111011101010001010            9.04E-01       1.60E+00                           1.77E+00                           

div  10111111111101101001100            7.50E-01       101010001111011101101110           111000010101010010111000           
NO   10111111111101101100100            7.50E-01       1.32E+00                           1.76E+00                           

div  00001010010011001001011            1.04E+00       101100111010111101010010           101011001011110000110011           
NO   00001010010011001011100            1.04E+00       1.40E+00                           1.35E+00                           

div  00001010001011101011000            1.04E+00       111111011100001110010000           111101000000111001111100           
ok   00001010001011101011000            1.04E+00       1.98E+00                           1.91E+00                           

div  01111110010110100101010            1.49E+00       110111101010111001111010           100011000001001101111001           
NO   10010110111101111100111            1.59E+00       1.74E+00                           1.09E+00                           

div  01010100101111100001010            1.33E+00       110111001000110100101010           101000000111111000011011           
NO   01011111110011001001011            1.37E+00       1.72E+00                           1.25E+00                           

div  10101111111100111101100            6.87E-01       101010001010111000010111           111101010110101101000011           
ok   10101111111100111101100            6.87E-01       1.32E+00                           1.92E+00                           

div  10011011010100100100000            6.07E-01       100011010110001001100111           111010010000011101111100           
ok   10011011010100100100000            6.07E-01       1.10E+00                           1.82E+00                           

div  00001011010101111110011            1.04E+00       110011010001001001111110           110001000101111011111100           
ok   00001011010101111110011            1.04E+00       1.60E+00                           1.53E+00                           

div  11000111000001000111110            7.77E-01       110000001111000010000111           111110000010111010001010           
ok   11000111000001000111110            7.77E-01       1.51E+00                           1.94E+00                           

div  10100001010110010010001            6.30E-01       100010100011010111101000           110110110100101000000101           
ok   10100001010110010010001            6.30E-01       1.08E+00                           1.71E+00                           

div  11111011100111010100111            9.83E-01       110110001011110111100110           110111001000010011111110           
ok   11111011100111010100111            9.83E-01       1.69E+00                           1.72E+00                           

div  01111101000000000001100            1.49E+00       111011100111000000110000           100101110001000110011001           
NO   10010100000011100100001            1.58E+00       1.86E+00                           1.18E+00                           

div  01101111011011110100010            1.44E+00       111000000100110111101100           100110100010101111111001           
NO   01110100011101000100011            1.45E+00       1.75E+00                           1.20E+00                           

div  11100110010101101010101            9.00E-01       110001001111011001000101           110110101110101101000010           
NO   11100110010100101110101            9.00E-01       1.54E+00                           1.71E+00                           

div  11010000100100101111101            8.15E-01       100110111100100100101100           101111110011010101100111           
ok   11010000100100101111101            8.15E-01       1.22E+00                           1.49E+00                           

div  01101011011101101110001            1.42E+00       110110011001100111010101           100110001101000011100011           
NO   01101100100001110110010            1.42E+00       1.70E+00                           1.19E+00                           

div  00001111001011000111111            1.06E+00       111111101111011000101010           111100001011000111100111           
ok   00001111001011000111111            1.06E+00       1.99E+00                           1.88E+00                           

