10100101101111100101111
11010100101101100100101
10010100100000111110011
11111010101111111001011
11111010010101101001100
10111011001000110101011
11001110000010111111011
11001000001100100111011
11111111111110110101001
11111011101100100101100
11010110001100001001001
11110101000010100101101
11000011001101111111010
11000001011010001100110
11111111110010111110000
11111110011110011110010
11000101000011101101100
10011110011001101101001
11101101101011000101110
10111000011110100100001
10011000001110000010010
11010011111011100000101
11101110010110110001010
10001010110110011110001
10001111100011000001111
10000010111101111010010
10010000101111110010100
11011111000110100100000
11111011110110101000111
11100110011111101101100
11000010100011110001110
11100010011011010101001
11000111001000101000000
10111011100110011011111
11010111001010000111100
10010001001001110100011
10101111100100111110111
10110110111100101110100
10011001000111111111011
10101001100111110011010
11001100010110010100110
10010111110100000011111
11011110101101010110010
10000110011001011011110
10011100000111001100101
11001010110010001001110
11011111011000100011001
10000011001001100000111
10101111111000100110101
11001011011001001010010
11011110111100100010110
10110110000010111010010
11011011111010010101100
11010111011110011111110
11000110010000010011001
11101000011010110110101
11111000010011010100111
10000101111111100001101
11001011111100010000010
10011101010110011110001
10110000011011111100010
11001111101110101000101
10101101101100011010010
11011001100111000010000
10101010110110100001111
10000101010110111001101
11111101000011110011100
10001101010011110011101
11000011001110100111001
10011001101011110111100
11110110010001100001011
11000011110101001110001
11010100011001001000001
10011010100000111110010
10011001001111111101010
11110000010001011111100
10000000011000110111011
11010011110110010001011
10100101010110110010100
10011011001100111100111
11010010110101111100010
11011001001011010001000
11010000000010101101000
11111110001101101111111
11001011110000011000001
11100101000000100000100
10010001001111001000001
10111001011010001100110
10011000000100010111001
10111010010110000011001
10101100011110010101000
10000101000100001000000
11011100111000010110100
10001000100001011010010
10000101011101010010000
11101111110011011111000
11100110100010011011010
11100001011011111000010
10001110100010100011010
10101000010111110110001
11011011111000110001111
11011010010111010110011
11110101010101010010010
11101001010000100001111
11000100111110100010010
10100001010101001011000
10001101101000010110001
10101110100011000110011
10111100000100011010100
10011001100101000100010
11001010110011010111110
11111110010101000100100
11000100001110111101010
10010000000011000001101
10110011001100101001010
11110101110110001111011
10001101000101101010101
10011010111011110010011
11100001010111001011100
11100000110011101001011
10110111100100010001110
10101000111010010110101
10100001001001001011000
11101011100001010100001
11100001010011111101101
11101001110100001000001
11001000110111101101000
10110110011101011100010
10011001010110110110001
11001000110001101111010
10000011000011111111111
11111011111010010011011
11011101011010111010010
10001101011100100000000
10111001101101000110000
11111000111110101011101
10011010111011110111101
11110000001110110101000
11011111110010001001111
11011011110001000000000
10010010011110011001101
11111010011101100010000
11110110010100011010001
11110001111001100011000
11000011000011001010101
10011011100010100000100
11011001011110001010011
11110010100010101000110
10101011010100100111001
10101110101110111001100
10111001101001111110000
11101011011101010101110
11011001001110001100010
10101111001001001000100
10000110011000001100011
10111010011111011111000
11110000111001000011110
11101000011111000111110
10110000100011001011100
10011110101011010010100
11110100000100111111100
11110011011101001011101
11000011111011100101111
11110101000001101101111
10001011010101110000000
10110001111101010100111
11011000010000011000100
10010001000111101000011
11110101011010101101100
11110000001111111000100
10001011110110101100101
11111101110111100100011
10011010101110000010110
10111000100100110010010
10100110111101010000110
10010101001100010000110
11000100110010000010110
10100001100110010101100
11101011110011100001111
10100010101110111111011
10100110010111011101011
10101010101000111010001
10000101100110111110010
11001001011000100010101
11011100011100101010001
10111101101110111011001
10110001111111101000010
10000110000111001000011
11101001101110010111101
11110100001001110101011
11001101101011100110000
10001010011101111000011
10011110011001100011001
11000011111000111110110
11100011111110010101011
10000110100100111011010
10001001100111010110110
11100010110000000101011
10110011100110001101100
11101001111110000000110
10110010010101000010011
11011011011000011010110
11111010101101101110011
10101110111001010010010
11110111111011110001101
11111010000010000100001
10001011110001110000011
11100010010011000100001
10010010010010110010111
10011000101100101011111
11000101100000000010100
10001001000000011010110
10111010101011111100010
10001111111001101000011
10111001110010111001110
10111100101100001101011
10000100010110010011001
11000100101110111110011
10100101010110001111110
11110100111110110011111
10111000101011101100000
10110101110101001010111
11111100110001101101110
11000001000000101000001
10000110110100100100011
10110100111101110010011
10001100110011110100100
10110101011101110111110
10100010001001010101101
11001111010101101011011
11101010010101010011000
11111001100001111111001
10100100110111100000100
11111111110011000000111
10011101111001100010110
10100011000101111001110
10111000001101101111100
11001001000000111111011
11011110001100000110000
11010101010110010001000
11011100010111001111101
10000111111100101010001
11011111100100101100111
10111111101000000110010
10000001110001110100010
11111110100011011100110
10100001111000001101001
10101010011101001111111
11111110111101100010110
11100001110111011101100
10000010001010100010010
11010010101110001101111
11010011001110101110111
10010111000010101111111
10010000111001100010010
10010100101010111010101
11000110101111010011110
10001011001001101101110
11001100101111010111110
11110001000000001000101
11110110010111100110000
10010001011011100101111
11001001010110100100101
10111111101101110110010
10010110010101101011000
11011000000000011000100
11100110000100110100111
11010000111001110101110
10011010110001011111111
10000001101011111010010
10001111101000111010111
10110000011010111101000
10110000110100001010000
10110010010000000111110
11001100101111010101110
10000000011101010001001
10101011111001101000111
11011011101111111011111
10011100000000011111111
10110000011000011111101
10000111011000111011110
11111010101110010010001
10011010100100111111110
11001110101001000011000
11101010110001000001100
10000011001100011101010
10111010001000010100010
11111111110111011100101
10110101010100110110010
10000111001010011000111
11011010110101110010100
10001110100011111000101
10010011110110111001110
10000100111100011101010
11111100000010010101000
11010110000000001000000
11111110101111010010010
11010001101111100101111
11010001010000110110011
10001100011010010010110
10101111010010101011111
10111101010001110110000
11100010000011010000011
11111110111101110001100
10011110000000001100001
11100000001001010010101
10111000101101111111100
11010001011011101100100
10010000110001000100001
10000010000111000111100
11000100011101000000100
10011001001100100111111
10100111000111110010111
11110001011101001000100
10000000001101101010110
10100011001001111011100
11000010110000001000001
10100011110101100111011
10100101111110100000100
11001100110110111001100
10100010110011100001010
10011110111110010001111
11110000101111001011110
10101000001101100100110
11011101101010110011101
11010100000111010010100
10011000101001010000001
10100111110001110001101
11001100000111001110010
10010110011111101101010
10011110110001011011010
10100111001110000100111
11000100110000100011010
11101001001110110111110
11001001101110100111100
10110001110101001110010
11110100111100000010010
10110111001001000010110
11011010010010011001001
10000100100001100100101
10001100101010010100011
10011110010110010101011
11011011001101011001111
10111110001011011000001
10111110100010000110110
11010001010110000110001
11010010001000100010100
10101000011011100011000
10101000001101110100001
11010111011101100010001
10011011010001001000000
11101101010000011000001
10010111111100010000110
10011111101101010100000
10111011100001110110011
11101111000111010111011
11011000111001001110011
10011111101111101010111
11010000011011100110101
11000001000111001100111
10010011110001101010000
10100010100100010000001
11101111110101110101101
11000100100010001101010
11011101010000000101111
11111110001000100111010
10010000101101010111000
11001001011100101001010
11001001001110010100010
10110010001111010101100
11010100100000100110011
10010001001000100010011
10101100001000010000100
11000101101110100001100
10000011111011001101000
11101110010000111001001
10101001001011001011001
11010100111000001010011
10001000111101101011001
11011110100000000110111
10011011001001110011010
11101001101101111010000
10000110101101111110110
11101101110110010011000
10110100100000000100110
10010100110111010100111
11000101001010101111001
10001000010000010011011
10101101100001100000101
10000011000111110001110
10100111001110001001100
11101111010000000111101
10010111011001111101001
10110111111010101001001
11001111111100001110011
10100011010001101101000
11100100011001001100010
10010000110110000110101
