11000110010110100010000
01101000111010110011010
01101101111000001011011
11011111011100011101110
10010100011110110110000
10101100101101001010100
10010100000001100010010
10000000010111101101010
01111101010000000101111
00101011111101111100011
00110110010001100010000
11110011010111100100001
00000001110010111100011
11001011000100111101101
10010010010100101010110
01011011011110010011011
10101000100010111000011
11111000111011111100001
11100011101111101100111
10110110101000010111100
10000100001011111011100
10111010001001010000010
00011111100110010010101
11100101011111010001110
10110110000001001011001
11000110000001001110010
10110000110110011101001
11010110110101000100110
00010000001011011111111
11110000000101001100010
11000101110111000001111
00100101011110101100100
11000110001011001011101
01010110100101000011011
00101101001001011000101
10000000110110010011001
11001111110010001011101
10010011011101001010001
11101100111110000101110
11001010100110010100001
10001110001001110000010
10000100011001101111011
11011010011101100110000
10001100001000011100110
00010000100101001000000
11110111101100101111101
01100110001111101100000
11101111101010011111001
01011010101010101001110
10111111101000011011100
01110000101100011011001
10111010010111100110101
01100100100011001110000
10110010100110001100100
01010110111001100101000
00000110000100110110110
11110111101111001111001
01100011000101000010001
10010010010000011111111
11000000110000000101101
10110001111010001110001
11111001111011111111000
00001000001000100101111
00000000000110110101011
10000000101011001000101
01111101111001101110100
00101011001011011110010
10111111100010111011000
00010011100101110011111
01011100010111011010000
11000101111111000110101
01100010111010010010111
01001100100001011011101
01100001101111001000011
10101010011101010010001
01101001101111110100010
01110111101111100011011
11000000100100011010010
11011001110110110010110
00000101000001011110111
10101111100001011001000
10111111110101000111010
11110110011101101100001
01001011001111010000010
11101111100101100101010
01101101001100000001000
10010111100011011101011
01010000001011001010111
01001101000110100111000
00110010000111110001110
01000111010101000110000
10100111100110101101111
01001010111010100001011
10001100111100000111010
11101100100011000010001
10001000011010000001101
00001001100101101100101
10001100001011110011010
11100100000101001101011
11100010110100111001100
00111010011110111001011
00010010001100010111001
10101011111100101110001
10110010101000001000000
00111110111001000100011
11011100001101011111101
00010111101010100111010
01001111010000101111111
00011010100111011011101
10110001011101100110000
01100111100011001101001
11011110110001101010111
11001101001001111110100
11011010000100000110010
10101111010000110101010
11011000011010100011000
01100001101100001111000
01101100101010010101101
10001100011101001011100
10010111000100001001011
10100000110110100101101
01100000000100100101111
10000011001110001101111
10001111001100101101111
01100110100011100010110
00001110001110100111010
00001100110001111000000
01011000011101111101110
11011000000101010001110
01110101101010011111101
10110001010011000110010
00110001010100101011001
11100011101010011001100
11011011001010000010100
01100101111101010110011
01000000001101000111011
01000111010010010110010
00000010101001010101111
10111110100000000100111
00101010010110101001111
00011001001100100111100
10101101001110010101011
01000000000000110100001
01011010000001110010001
10101000011101110010111
01010110111110001011110
10011100010000000001000
01100000111100000110010
11100010110010100110000
00110100100100011100101
10100101101000010111101
01100011010101001101100
11010101001011011101110
00011111011111111100101
11111100001001011010010
11110111111000011001011
01100110010000010110010
11111100111000111100011
10010111001100100000000
01101100110110111111110
10100100010100110100100
01000110011110100010101
10011001000011111110111
11000100011011111111000
01010001111011101101110
11000010101010010111000
01100111010111101010010
01011001011110000110011
11111011100001110010000
11101000000111001111100
10111101010111001111010
00011000001001101111001
10111001000110100101010
01000000111111000011011
01010001010111000010111
11101010110101101000011
00011010110001001100111
11010010000011101111100
10011010001001001111110
10001000101111011111100
10000001111000010000111
11110000010111010001010
00010100011010111101000
10110110100101000000101
10110001011110111100110
10111001000010011111110
11011100111000000110000
00101110001000110011001
11000000100110111101100
00110100010101111111001
10001001111011001000101
10110101110101101000010
00110111100100100101100
01111110011010101100111
10110011001100111010101
00110001101000011100011
11111101111011000101010
11100001011000111100111
00101000100000010100001
