0011100110010000000010100111
0100001000100000000000110011
1111011101110000000001110100
1010111100011001011111100000
0011001100010010110011101001
0100010000100000110100001100
1110111011110001111111011101
1100011010110000011011100000
0100100100100000101000101000
0100100100100001001100001000
1111111111111111011100100000
1111111010100111100001000000
0100000011010110000100011111
0100000100100010001000001111
1111111110110011111100010000
1111101001011101100100100000
0100000010001011010110000110
0100000100010011100011000010
1111111101110111110011000100
1110110010100111101101000000
0011110000001111001010101010
0100000000010000010011001100
1111101111111110110111011110
0011100111010011000101010000
0100000001000001111101000010
0100000001000010000010000000
1111111111111111111011000010
0001011110011101110101100000
0100000000101111011001110110
0100000001001111100010001000
1111111111011111110111101110
0110110011011110001110100000
0100010111111000010000101101
0100100000000000100000000001
1111110111110111110000101100
0000110110001010111001011000
0100011110111011101111011111
0100100000000011110000000000
1111111110110111111111011111
1110111100001000101000001000
0011011111010001110110011110
0100000000100000111000100010
1111011110110000111101111100
1100000100111010111101010000
0101000000100000110110111110
0101000000100001000000000000
1111111111111111110110111110
0000011101110100000100010000
0100001000010100101000010001
0100001000010100101000100000
1111111111111111111111110001
1000100010111111000101000000
0011010000001011011100000101
0100100000000011100000001000
1110110000000111111011111101
1001011011110101110000000000
0100001010011011010111101101
0100010011001100100011110001
1111110111001110110011111100
1110001111000011101000100000
0011101111000100100100100010
0100000000001000001000000010
1111101110111100011100100000
1111111001100011011001110000
0100000110111010111100001011
0100001000111100000000010011
1111111101111110111011111000
0111100100011010010001100000
0100101100101000011001011010
0101000001001100001010000010
1111101011011100001111011000
1011111101100001010110010000
0011111011101001100111111010
0100000000001100110000000010
1111111011011100110111111000
1100100011000000010111000000
0011110110000101101101000100
0100001000001000110010000000
1111101101111100111011000100
0000110001000110100100000000
0100100000111110100111101110
0100100001000000101000000000
1111111111111101111111101110
0010011001111110000101110000
0100111001111010001100101010
0101000010000010010001001010
1111110111110111111011100000
0010001000100110110010100000
0011100101111101000010111011
0100001000000010000000111100
1111011101111011000001111111
1111110000000101011101110000
0100111100111111010110011101
0101000001000000000000100001
1111111011111111010101111100
1111011100010000110110101000
0011110000101110110100011000
0100000001001111001000001000
1111101111011111101100010000
0010010110111011111110000000
0100010111111001110010000010
0100100000000010000010000100
1111110111110111101111111110
0010011010001001101011100000
0100000010011010000111100011
0100000100100010001000000100
1111111101110111111111011111
0001011011010110011000110000
0011101010000101111100001011
0100001100001000000000010011
1111011101111101111011111000
1100001110101000010000100000
0101001011000010010000100001
0101010000000010010000100001
1111111011000000000000000000
1110000110100101101010011000
0100011100110110100001101110
0100100001000000110000110010
1111111011110101110000111100
1011001100110001010100010000
0011101110100010011011110010
0100000000110000100011110100
1111101101110001110111111110
0011011011011000100110110000
0011101000010000110001101010
0100001000010001000010001100
1111011111111111101111011110
0100001101011010100100000000
0100011000101001101111010011
0100100000101010000000010100
1111110111111111101110111111
1110101011010000100001001000
0101001000000000010001101000
0101001000000000010010001000
1111111111111111111111100000
0000011010111010000111000000
0100011001111101000011100110
0100100010000010000000001000
1111110111111011000011011110
0010000000001100100011000000
0100011100100101110110011000
0100100001001000111000100000
1111111011011100111101111000
0010111010000101111101000000
0100100100000101111011110110
0100100100001000000000000000
1111111111111101111011110110
0011010111100010101110100000
0011010110010110111111000000
0100100011001000000000000000
1110110011001110111111000000
1111010100111111100000000000
0011010111100001000111111001
0100100011100010000011111100
1110110011111111000011111101
0000001001011011110111100000
0100000110010111100100001110
0100001000100011100100010000
1111111101110011111111111110
0010011111011011001011110000
0011111100100101111100000010
0100000001001000111100000100
1111111011011100111111111110
0001100100011001011110000000
0011101100110111000110010010
0100001101001000001000100000
1111011111101110111101110010
0100111101011000010001110000
0011110010111001100011101110
0100000100111100110000001110
1111101101111100110011100000
1010000111101111000111000000
0011101000101001101000010111
0100001001001100110000100011
1111011111011100110111110100
1000010111101010000001000000
0011101001001011100100001010
0100001100010011110000010010
1111011100110111110011111000
0000010000101101100000110000
0100011001111011100101001100
0100100010000000000101010000
1111110111111011011111111100
0000010010100110100000000000
0100110111000001001001100111
0101000000000001001010001000
1111110110111111111111011111
1110111100101100110000010000
0011001001010100101110011110
0100010010001000001111001110
1110110111001100011111010000
1101000100110100010010000000
0100000010111011101110001010
0100000100111100001111000010
1111111101111111011111001000
1000111111000010100001100000
0011110000011011110100101110
0100000000100011110101000010
1111101111110111111111101100
1011111101110110100110010000
0100000000110101110111101110
0100000001001000111000001110
1111111111101100111111100000
1111010100011011111001010000
0100000110010000111101110100
0100001000100000000010000100
1111111101110000111011110000
1100101001101010000110100000
0100010001000011010010110110
0100100000000100010100000000
1111110000111110111110110110
0100011010000010101110000000
0011101001011011010001100001
0100001100100000100000100001
1111011100111010110001000000
1111001110100101001101101000
0100010000100011101000010111
0100100000000100001000100011
1111110000011111011111110100
0000110001000000101011000000
0011100110001001110000001001
0100001000010010000000010001
1111011101110111101111111000
1111110011001010010111100000
0100100001011001011110011100
0100100010000010001111000000
1111111111010111001111011100
1110110100100100011010100000
0011011110000000000011100010
0100100000000000000100000010
1110111101111111111111100000
1110100110011101101101010000
0011110111010111111110001111
0100000000100000000000010000
1111110110110111111101111111
0000000010100011111100011000
0100000000010111110011001001
0100000000100011110100010001
1111111111110011111110111000
1101011000111011000011101000
0100001000110101110101110010
0100001001001000111000110010
1111111111101100111101000000
1100011011010010001010110000
0011011001000011011010001010
0100100010000000100011000010
1110110111000010110111001000
1110001111110000100000110000
0011111010100011100110000010
0100000011000100001000000100
1111110111011111011101111110
0011111011001010111111110000
0100001011110100010101100111
0100010011111000001000110011
1111110111111100001100110100
1010010101100100000011000000
0011100100011000100111111111
0100001000001100001000000000
1111011100001100011111111111
1111001011011111101111010000
0011000011000100101001111001
0100000100001000001100111100
1110111110111100011100111101
0111101111010100011111100000
0100110011100000110101101111
0101000100000001001000001111
1111101111011111101101100000
0100011110010110000000000000
0011011111111010010011100101
0100000000000011000100001000
1111011111110111001111011101
0110011010110100100101100000
0011010110111111110010011101
0100100011000000000100100001
1110110011111111101101111100
1110011000110111111111000000
0100000010001011100001000010
0100000100010011100010000000
1111111101110111111111000010
0101100010110010000000000000
0011001010001010101001011110
0100010011000011001100100000
1110110111000111011100111110
0011111100110010000100000000
0100000010010101001010010000
0100000100100010000011000000
1111111101110011000111010000
0001001100101111000000000000
0100011000100100111101101110
0100100000100101000000000000
1111110111111111111101101110
0010000010001110001001000000
0011110011001000000110111100
0100000100001000001000111100
1111101110111111111110000000
1110001110111000100100000000
0011111101111110010000111010
0100000000000000010001000010
1111111101111101111111111000
1110101110000111111001000000
0011100110000011101001101111
0100001000000100001100110000
1111011101111111011100111111
0001100001111010100101110000
0100011000111111000011110101
0100100001000000000100001000
1111110111111110111111101101
1000111001101011100110000000
0011100001110110011001000010
0100000010001000100010000000
1111011111101101110111000010
0010111111101111101110000000
0100000101011001111011111010
0100001000100010000011111100
1111111100110111110111111110
0110011101000011100011100000
0100001010010010001011100000
0100010011000010010000000000
1111110111001111111011100000
1101001001001011010000000000
0100000000010001001101010101
0100000000100000010010001000
1111111111110000111011001101
0101101011010100001001100000
0011100110101011110100000111
0100001000110011111000000011
1111011101110111111100000100
1110111000110010111110100000
0011101001011001111110001011
0100001010001100000000010011
1111011111001101111101111000
1000000110111001110101100000
0100101101011001101000011001
0101000010000010001000100001
1111101011010111011111111000
1110111001011010001110101000
0100000010111110111010110010
0100000100111111000011000100
1111111101111111110111101110
0110011001000000010111000000
0011000110100100010110111000
0100001000110000100011001000
1110111101110011110011110000
1100110101100101000011000000
0011101110111010111011110000
0100000000111100000000000000
1111101101111110111011110000
1110111010100101100100000000
0100001011001110010110110100
0100010000010000100000000100
1111111010111101110110110000
0000101001110001111001000000
0100010000110000100111101000
0100100000000001001000001000
1111110000101111011111100000
0000000000111100000100000000
0100101100101111100111000100
0101000001001111110000000100
1111101011011111110111000000
1111011101000110011010100000
0011111101011011111010001000
0100000010000000000011000000
1111111011011011110111001000
1111011110001001111001000000
0011011010000100001111010001
0100100010000100010000100000
1110110111111111111110110001
1111000100110010001000100000
0100010001101000111111010111
0100010010001001000000100011
1111111111011111111110110100
0001011100001000101001100000
0100011100110011000000000010
0100100001000100000000000010
1111111011101111000000000000
1101101000101001101111010000
0011111011111010001001110010
0100000011111100010010000010
1111110111111101110111110000
1010010100100011111011010000
0100101011100111101101101010
0101000000001000000000001010
1111101011011111101101100000
0000101001001000001000010000
0011101110110101100110100011
0100001111001000110011000100
1111011111101100110011011111
1111001110110101011011110000
0100111101001101110101100000
0101000001010000001000000000
1111111011111101101101100000
0001110110001110001000000000
0011010000101010100000111000
0100010001001100110000000000
1110111111011101110000111000
0001011011000100001011000000
0011100011100100110001101001
0100000100001000000010001100
1111011111011100101111011101
0010000000100010101111000000
0011101111111001101000010001
0100001111111100110000100000
1111011111111100110111110001
1010101111000000111111000000
0100101101000010111001001011
0101000001000100000001010011
1111101011111110110111111000
0110010111100000010101000000
0011111110101100000101000101
0100000000110000001000001000
1111111101111011111100111101
0100101000000111001111100000
0011010110000101100000010110
0100100010001000110000001000
1110110011111100110000001110
0001011101111100001111010000
0011111011111111010000001101
0100000000000000010000010001
1111111011111110111111111100
1101111111110101000101101000
0100100111011001111011100010
0100101000000010000000000010
1111111111010111111011100000
1110001000010111100010100000
0100011011011000111101000111
0100100000000001000001001000
1111111011010111111011111111
0001000100001101101101011000
0011111110010001000111001001
0100000000100000001000001001
1111111101110000111111000000
0000110111110100011111101000
0011011011100101111100110010
0100100000001000000001000010
1110111011011101111011110000
1100000100111100110001010000
0011010011001000011011010110
0100100000010000100011100010
1110110010110111110111110100
1111000000101000111010010000
0100000001101111000101111110
0100000010001111001000111110
1111111111011111111101000000
1111111111101100100100010000
0100100010000101100000001011
0100100010001000110000000011
1111111111111100110000001000
1001111000100101001000100000
0011100101101101110100000001
0100001000110000001000000000
1111011100111101101100000001
0100110011010010100111100000
0011101000001101000010100100
0100001000010010000000100100
1111011111111011000010000000
0010000000001000001001000000
0011100111000001111100101010
0100001000000010000001001100
1111011110111111111011011110
0001010110011000010100110000
0011111000010110001010011010
0100000000100011000011001100
1111110111110011000111001110
0100010101000111110100010000
0011010111110001011111000010
0100100011110010001111000100
1110110011111111001111111110
0110101011010000011110010000
0011111100110101101110100011
0100000001001000110000110000
1111111011101100111101110011
0000100101101110000101110000
0011110110111111100011110010
0100001000111111110000000010
1111101101111111110011110000
1001110011001011110111010000
0100000101100000111001000010
0100001000110000000010000000
1111111100110000110111000010
0001110000000111110010000000
0100110111001000101100001000
0101000000001001000000001000
1111110110111111101100000000
1111001010011101001111000000
0100010010010001000011110110
0100010010010010000000001000
1111111111111111000011101110
0101110011100100111110100000
0011000001001010110010001010
0100000010000011000100010010
1110111111000111101101111000
1101000001110000000000100000
0011111010000110011010011001
0100000011000000100010100001
1111110111000101110111111000
1101011000111000000011001000
0100001111011101011100110111
0100010000100010001101001000
1111111110111011001111101111
0001001010011101101001100000
0011010110110100000101101010
0100100011000100001000110010
1110110011101111111100111000
1011001111101111111011010000
0100100101110110100111010100
0100101000000000101000010100
1111111101110101111111000000
1110010110101101111010100000
0011111101100111010011001010
0100000000001000010100001010
1111111101011110111111000000
1110001011100000111101110000
0100100110100110101001011111
0100101000101000101010001111
1111111101111101111111010000
1111101000001001111101000000
0011101000000011110001100000
0100001100000000000010000000
1111011100000011101111100000
1101110011111101000100000000
0101000000010111101111100100
0101000000100000001111100100
1111111111110111100000000000
0001001010100101001100100000
0100000100011010010000100101
0100001000001100010000101000
1111111100001101111111111101
0100000101001001011111000000
0011011100011000100101111011
0100100000100001001000000011
1110111011110111011101111000
0110000101011110100010000000
0100001011101110001011111010
0100010000001111000000000010
1111111011011111001011111000
1010000111100010000010100000
0100010000101001101101100110
0100010000101010000000001000
1111111111111111101101011110
0010110011101110001010100000
0011101001111000110100100010
0100001100111100000100100100
1111011100111100101111111110
0010111001000111100110000000
0011111111001001110010001111
0100000000010010000010010000
1111111110110111101111111111
0000010010011010101011110000
0100110010110010110101111110
0101000100000100000000000000
1111101110101110110101111110
0011101100001101110010010000
0011100110010000001010100111
0100001000010000010011001000
1111011101111111110111011111
0010101000011111111000111000
0011110011111011111100100001
0100000100000000000000100001
1111101111111011111100000000
0000000011110110001100011000
0011000100101000100010011100
0100001000001100000100100000
1110111100011100011101111100
0001001010101111110100100000
0011100011001100001110111111
0100000100010000010000111111
1111011110111011111110000000
1110001111011110000100000000
0101000100011110100101011000
0101000100100000101000000000
1111111111111101111101011000
1101111000111010110010000000
0011011101010111110110110010
0100100010001000001000110010
1110111011001111101110000000
1101000110010010101110110000
0100011110001101100100110001
0100100000010000000101000001
1111111101111101011111110000
0001010111101011011101001000
0100110000111111101100111010
0101000001000000000001000010
1111101111111111101011111000
0011011001001011001011110000
0100001001110100001101010010
0100001010000100010001010010
1111111111101111111100000000
0011010100000011100001100000
0100010001000000000110101000
0100100000000000001000110000
1111110000111111111101111000
0000101111001001000000000000
0100011000101110100000000100
0100100001000000110000000000
1111110111101101110000000100
1111001111001100110110000000
0100101100011101101110110010
0101000000100000000000000010
1111101011111101101110110000
1011111010001110110110100000
0011110111111101000101111011
0100000000000010000010000011
1111110111111011000011111000
1011010000111011011000000000
0011110001100000110111100001
0100000010000001001000000001
1111101111011111101111100000
1111001100100110111110100000
0011011100101111000001110101
0100100001000000000010001000
1110111011101110111111101101
0011100011110010001111100000
0011110010011010000001001001
0100000100100010000010000001
1111101101110111111111001000
0000011001010101010111100000
0100001001101101111000010001
0100001010000000000000010001
1111111111101101111000000000
1111011100000011000000100000
0100011011000011111100011001
0100100000000100000000100001
1111111010111111111011111000
1101110101000011111011001000
0011011001101111110010000101
0100100010000000000100001000
1110110111101111101101111101
1010011010000010011110000000
0011101111011011100110111100
0100001111100000001000000000
1111011111111011011110111100
1101000010110111001110000000
0100010010110110011011110100
0100010100000000100011110100
1111111110110101111000000000
0010011111100011101010100000
0011101110000011000000000010
0100001111000000000000000100
1111011111000010111111111110
0010010111110010001101000000
0100000010010111010010100110
0100000010100000010100101000
1111111111110110111101111110
1111111010110111101000110000
0100101000110001000101111000
0101001100000001001000111000
1111011100101111111101000000
1100100001101011101010000000
0100000100010010011010011000
0100001000000100100011001000
1111111100001101110111010000
0000010101010010001100000000
0011110110110110111010011111
0100000000000000000011001111
1111110110110110110111010000
0001000011111100100111100000
0100100001110001000100111100
0100100010000001000101000000
1111111111101111111111111100
0010000010001100100101000000
0011111010001000111101111100
0100000011000001000000000000
1111110111000111111101111100
0011110011001010000011100000
0011101001101011111101000110
0100001100110011111110000010
1111011100110111111111000100
1101111011101100011100100000
0100001110000110011110100111
0100010000001000100000110011
1111111101111101111101110100
0001101110100100111011000000
0100100100000001100100011111
0100100100000010001000001111
1111111111111111011100010000
0000110001111010111001000000
0100111000100000100110011010
0101000000100000101000100010
1111110111111111111101111000
0000111010100111010111110000
0011110101110100100110010110
0100001000110100101000100000
1111101100111111111101110110
0010000110001000011001110000
0100010000101110011011110001
0100010001001111001100000001
1111111111011111001111110000
1111100000010000101001111000
0011110100011100110100010010
0100001000000001000100010010
1111101100011011110000000000
1100000111010011110001110000
0100011001001001110100001001
0100100001010010001000000001
1111110111110111101100001000
1101100011000111110101000000
0011100110010000000011011011
0100001000100000000000100011
1111011101110000000010111000
0010111101110001001100100000
0011010000010101010010010001
0100100000001000100000100000
1110110000001100110001110001
0111000011001001101110100000
0011111011001101111010000110
0100000000010000000010001000
1111111010111101110111111110
0000111001101000001000000000
0011100100000011011111010010
0100001000000000000000100000
1111011100000011011110110010
0010001101011100010000110000
0100100011001100001011110011
0100100100010000010000000100
1111111110111011111011101111
1110110110001001001101011000
0100001000101110100001100110
0100001001000000110000110010
1111111111101101110000110100
1101111011010001011100010000
0011110110111101000011010010
0100000000000001000100010010
1111110110111011111111000000
0000011101011011000101110000
0100011000011111111011110110
0100100000100000000011111000
1111110111111111110111111110
1110100011011010100000100000
0011101011011111111001010011
0100001100000000000010000100
1111011111011111110111001111
0010101001111000111010010000
0011100000001111110100011001
0100000000010000001000001100
1111011111111111101100001101
0010101111000000100001000000
0100001101100011001100100100
0100010010000100010000100100
1111111011011110111100000000
0000100110110101111010000000
0100101000001111111011000010
0101001100000000000000000010
1111011100001111111011000000
0011000000011010110011010000
0011110001100011101110100010
0100000010000100001111000100
1111101111011111011111011110
0101000100000101101101000000
0011001000111010010011000110
0100010001000011000100001000
1110110111110111001110111110
0001001101010111010001010000
0011101000001000111000110001
0100001000010001000001000001
1111011111110111110111110000
1111100100111011000011101000
0011010111011000000111101001
0100100011100000001000001100
1110110011110111111111011101
1101011100001011001001100000
0011010010110100100111111010
0100100000111000001000000010
1110110001111100011111111000
1001100000000011011100000000
0011001011111100101001111101
0100010011111101001100000001
1110110111111111011101111100
1110010111111000111001000000
0100010100000000010001001110
0100010100000000010001010000
1111111111111111111111111110
0011001111010110100011110000
0100100111110000010000110011
0100101000000000010001000100
1111111111101111111111101111
0001001100001010100011111000
0100011100000010100100010010
0100100000000010100100010010
1111111100000000000000000000
0010001100010101000000100000
0011011011100000010011100111
0100100011110000000100001000
1110110111110000001111011111
0001110100111100011110101000
0011101001110100000111000011
0100001100111000000000000100
1111011100111100000110111111
0000000100101010001100101000
0100011011010001000010111000
0100100000010010000000000000
1111111010111111000010111000
0000001010001010101000000000
0100110100000110011011001011
0101001000000011000000010000
1111101100000011011010111011
0001110000000001111111001000
