A_binary    A_exp     A_frac              A_dec               
B_binary    B_exp     B_frac              B_dec               

01100001   -30       1.06661963463       -9.93366944257e-10  
11111011   124       1.54825115204       -3.29276604127e+37  
11100100   101       1.37783813477       3.49323467711e+30   3.01681605011e-47   

01101001   -22       1.41956138611       -3.38449808623e-07  
00000111   -120      1.70338153839       -1.28148184043e-36  
11100100   101       1.37783813477       -3.49323467711e+30  2.64108158185e+29   

11100000   97        1.55146801472       2.45839920011e+29   
11000011   68        1.76011633873       -5.19494650248e+20  
11100100   101       1.37783813477       3.49323467711e+30   -473228973.376      

01110111   -8        1.60999166965       0.00628902995959    
00011000   -103      1.24310576916       1.22579692793e-31   
11100100   101       1.37783813477       -3.49323467711e+30  5.13056430172e+28   

11011111   96        1.41993510723       1.12498849435e+29   
11111001   122       1.03944432735       -5.52663399992e+36  
11111111   128       1.0                 -3.40282366921e+38  -2.03557625559e-08  

11010101   86        1.11426830292       -8.6212334168e+25   
01000111   -56       1.89937233925       2.63590862921e-17   
01100101   -26       1.36605203152       2.03557615208e-08   -3.27068750459e+42  

01000100   -59       1.48852932453       2.58218676394e-18   
11000110   71        1.14766228199       2.70984094706e+21   
11111111   128       1.0                 -3.40282366921e+38  9.52892370582e-40   

11110110   119       1.76846277714       1.17534511644e+36   
00010111   -104      1.32946836948       -6.55478513384e-32  
11111111   128       1.0                 3.40282366921e+38   -1.79311005996e+67  

11000111   72        1.3423845768        -6.33923193259e+21  
00000110   -121      1.19763171673       -4.50498981561e-37  
11111111   128       1.0                 3.40282366921e+38   1.40715788316e+58   

11011111   96        1.9578076601        1.55113503466e+29   
00111010   -69       1.92307007313       3.25780742364e-21   
11111111   128       1.99999988079       -6.80564693277e+38  4.76128522334e+49   

01111110   -1        1.59159564972       -0.79579782486      
11111111   128       1.75695741177       5.97861626655e+38   
11111101   126       1.29700994492       1.10337403494e+38   -1.33107359526e-39  

00000111   -120      1.79143548012       -1.34772626351e-36  
11000011   68        1.25067138672       -3.69133039858e+20  
11000011   68        1.43237900734       4.22763663439e+20   3.65105833938e-57   

11011111   96        1.20586037636       -9.55381018676e+28  
10101110   47        1.72931981087       -2.43380126745e+14  
11000011   68        1.43237900734       -4.22763663439e+20  3.9254684902e+14    

01111101   -2        1.11714839935       -0.279287099838     
01110000   -15       1.43945920467       4.39288087364e-05   
11000011   68        1.43237900734       -4.22763663439e+20  -6357.72077304      

00101111   -80       1.32124459743       1.09290791544e-24   
01000111   -56       1.10198152065       -1.52930657118e-17  
01100111   -24       1.19897174835       7.14642851563e-08   -7.14642790424e-08  

00100000   -95       1.06798696518       -2.69597812517e-29  
11110000   113       1.56611502171       -1.62634682146e+34  
10101110   47        1.3638677597        1.9194732295e+14    1.65768954665e-63   

10100101   38        1.41706120968       -3.89518819328e+11  
10001100   13        1.66632461548       -13650.53125        
10101110   47        1.3638677597        -1.9194732295e+14   28535066.6721       

11011000   89        1.695920825         1.04972414637e+27   
10110001   50        1.97996330261       -2.22924049796e+15  
10101110   47        1.3638677597        -1.9194732295e+14   -4.70888693851e+11  

00101111   -80       1.52509880066       -1.26153216013e-24  
11001000   73        1.89963805676       1.79415741776e+22   
11100101   102       1.60567307472       -8.14172974777e+30  -7.03133486307e-47  

01011111   -32       1.98815560341       4.62903548826e-10   
11100100   101       1.85977399349       -4.71508723828e+30  
11111010   123       1.06903076172       1.13678849347e+37   -9.81749701401e-41  

00110000   -79       1.22191083431       -2.02148190482e-24  
01110000   -15       1.25764644146       -3.83803235309e-05  
00111110   -65       1.94317054749       5.26697432273e-20   5.26697463401e-20   

01101110   -17       1.952657938         -1.48975977936e-05  
01101100   -19       1.37040007114       -2.6138307021e-06   
00111110   -65       1.94317054749       -5.26697432273e-20  5.69952666851       

10101001   42        1.90314280987       8.37011059507e+12   
11110011   116       1.68976092339       -1.40379845347e+35  
11111111   128       1.99999988079       6.80564693277e+38   -5.96247315589e-23  

01010010   -45       1.91778349876       -5.45066853523e-14  
11111111   128       1.35468411446       -4.60975116897e+38  
00110101   -74       1.1262793541        -5.96247325457e-23  1.18242142264e-52   

00100000   -95       1.2182251215        -3.07523255075e-29  
10011001   26        1.62795972824       109250528.0         
00000101   -122      1.49662804604       -2.81484450144e-37  -2.81484456601e-37  

10011001   26        1.18750083447       79691832.0          
10100001   34        1.66911053658       -28675100672.0      
01110110   -9        1.422914505         -0.00277912989259   -0.0027791299815    

00101011   -84       1.33578979969       -6.90587140469e-26  
11100010   99        1.78178560734       1.12934079731e+30   
11000111   72        1.49938321114       -7.08063702125e+21  -6.11495787732e-56  

00000001   -126      1.7246004343        2.02725806795e-38   
00100101   -90       1.8429929018        -1.48875781e-27     
01011010   -37       1.87152147293       1.36171109111e-11   -1.36171112207e-11  

01111110   -1        1.28623235226       -0.643116176128     
10110000   49        1.634973526         -9.20408270307e+14  
01001100   -51       1.57339835167       6.98729230772e-16   6.98729245353e-16   

10100011   36        1.91640162468       -1.31694116864e+11  
11010011   84        1.53860545158       -2.97609577059e+25  
01001111   -48       1.2455445528        -4.4250631703e-15   4.42506313692e-15   

00110010   -77       1.90582454205       -1.26116888969e-23  
11000111   72        1.58741223812       7.4963423478e+21    
11101010   107       1.20058584213       -1.94806190516e+32  -1.68237899388e-45  

01100101   -26       1.56946158409       2.33868000521e-08   
10100000   33        1.37514877319       -11812438016.0      
01000100   -59       1.14130306244       1.97984521562e-18   -1.97984531393e-18  

01000111   -56       1.01784324646       1.4125412596e-17    
10000101   6         1.76320946217       112.845405579       
01000000   -63       1.15453481674       1.25174915652e-19   1.25174902102e-19   

11101010   107       1.88819897175       3.06377799666e+32   
10100111   40        1.1389067173        1.25224117862e+12   
01000000   -63       1.15453481674       1.25174915652e-19   2.44663571918e+20   

00011100   -99       1.64787173271       2.59988317351e-30   
10000001   2         1.56661868095       6.26647472382       
00011010   -101      1.05186522007       -4.14887674837e-31  4.14887682165e-31   

00010000   -111      1.76149630547       -6.78503696325e-34  
00011101   -98       1.74845087528       5.51713816084e-30   
01110010   -13       1.00746107101       -0.00012298108777   -0.000122981095732  

10010001   18        1.36661088467       -358248.84375       
11000100   69        1.11816370487       6.60047350281e+20   
11111111   128       1.0                 3.40282366921e+38   -5.42762339092e-16  

10101101   46        1.56632721424       -1.10220479037e+14  
01010010   -45       1.78393244743       -5.07024096644e-14  
11111111   128       1.0                 -3.40282366921e+38  2.17387062601e+27   

10111011   60        1.36446666718       1.57312296291e+18   
00111001   -70       1.71662342548       -1.45403659941e-21  
11111111   128       1.0                 -3.40282366921e+38  -1.08190052681e+39  

10111011   60        1.56414854527       -1.80334049424e+18  
00110000   -79       1.78578329086       2.95433063285e-24   
01001100   -51       1.22219204903       5.42762301337e-16   -6.10405779971e+41  

10011000   25        1.08470845222       36396776.0          
11010110   87        1.38945949078       2.15008442075e+26   
11111111   128       1.0                 -3.40282366921e+38  1.69280683348e-19   

11011001   90        1.28732001781       1.59362499343e+27   
01010110   -41       1.3506257534        -6.14193483399e-13  
01000000   -63       1.5613386631        1.69280677052e-19   -2.59466281636e+39  

01101100   -19       1.81612443924       3.4639824662e-06    
01001111   -48       1.87510478497       6.66171041873e-15   
01000000   -63       1.5613386631        1.69280677052e-19   519983945.333       

00011011   -100      1.08860683441       -8.58759372824e-31  
11100000   97        1.92108130455       -3.044074836e+29    
10111001   58        1.13332724571       -3.26659338335e+17  2.82108495714e-60   

11101011   108       1.89109671116       6.13695969533e+32   
11001010   75        1.46216309071       -5.52389597763e+22  
10111001   58        1.13332724571       3.26659338335e+17   -11109839360.1      

11010101   86        1.40235805511       -1.08502199115e+26  
10001010   11        1.21901726723       -2496.54736328      
10111001   58        1.13332724571       -3.26659338335e+17  4.34609015278e+22   

11110111   120       1.68486320972       2.23956734743e+36   
10111111   64        1.18058562279       -2.17779608407e+19  
10111001   58        1.13332724571       -3.26659338335e+17  -1.0283641172e+17   

01101001   -22       1.68195974827       4.01010453288e-07   
01001111   -48       1.34627711773       -4.78293713161e-15  
10111001   58        1.13332724571       -3.26659338335e+17  -83841882.5616      

01100010   -29       1.04902112484       1.95395410962e-09   
11011111   96        1.76447296143       -1.3979595054e+29   
11111111   128       1.0                 3.40282366921e+38   -1.39771867646e-38  

11110110   119       1.44561707973       -9.60777346784e+35  
00001010   -117      1.31144821644       -7.89299184547e-36  
00000001   -126      1.189047575         -1.39771870727e-38  1.21725369238e+71   

01110011   -12       1.91665232182       0.000467932695756   
00111011   -68       1.18455433846       -4.01342620994e-21  
00000001   -126      1.189047575         1.39771870727e-38   -1.16591827351e+17  

10010111   24        1.42234373093       -23862968.0         
11101110   111       1.64050960541       -4.25900643528e+33  
11111111   128       1.0                 3.40282366921e+38   5.6029424615e-27    

10010101   22        1.87913835049       -7881677.5          
01010111   -40       1.71267330647       -1.5576672981e-12   
00100111   -88       1.73402678967       5.60294274242e-27   5.05992358549e+18   

10100001   34        1.62324774265       -27887183872.0      
10011011   28        1.9595400095        -526010016.0        
00100111   -88       1.73402678967       -5.60294274242e-27  53.0164503027       

01101000   -23       1.18386793137       1.4112805502e-07    
10101010   43        1.10206270218       -9.69384604467e+12  
00111101   -66       1.07422924042       -1.45585209526e-20  -1.45585203612e-20  

10101111   48        1.50391757488       -4.23315164365e+14  
11101010   107       1.96443080902       3.18747122453e+32   
01000011   -60       1.53114843369       1.32805956656e-18   -1.32805956367e-18  

01010011   -44       1.9420992136        -1.10395559068e-13  
01010101   -42       1.41090083122       -3.20801707681e-13  
01111101   -2        1.37649583817       0.344123959541      0.344123975729      

10110110   55        1.38092494011       4.97530643656e+16   
11101101   110       1.44263970852       1.87265340664e+33   
01000111   -56       1.91444182396       2.65682174033e-17   2.65682182241e-17   

00010111   -104      1.05530917645       5.20307595137e-32   
11010011   84        1.64177179337       3.17564849746e+25   
11000010   67        1.28557348251       -1.89717160159e+20  1.63842942804e-57   

01110111   -8        1.45518279076       0.00568430777639    
11010101   86        1.99226427078       -1.54143981852e+26  
00100000   -95       1.46083307266       -3.68766112025e-29  -3.68766117761e-29  

01100001   -30       1.28145694733       1.19344978344e-09   
10011001   26        1.58627974987       -106453432.0        
01000110   -57       1.61567592621       1.12110038351e-17   -1.12110033563e-17  

00100000   -95       1.07709002495       -2.71895747867e-29  
10110011   52        1.83595323563       -8.26839830784e+15  
11101011   108       1.17333054543       -3.80767531565e+32  3.28837264177e-45   

11001000   73        1.00357925892       9.47853811044e+21   
10100110   39        1.09313237667       -6.00955879424e+11  
11101011   108       1.17333054543       -3.80767531565e+32  -15772435939.1      

01111000   -7        1.2471549511        -0.00974339805543   
11101101   110       1.32385849953       1.71846658206e+33   
11111111   128       1.0                 3.40282366921e+38   -5.66982108186e-36  

11111101   126       1.99401783943       1.69632277521e+38   
00000110   -121      1.5159277916        5.70228657688e-37   
11111111   128       1.0                 -3.40282366921e+38  2.97481151173e+74   

11000101   70        1.28393375874       1.51580143712e+21   
00111110   -65       1.98591959476       -5.38284584756e-20  
00001001   -118      1.88412117958       -5.66982093533e-36  -2.81598522426e+40  

01001011   -52       1.45152246952       3.22302733285e-16   
11100110   103       1.04214668274       -1.05686229432e+31  
11111111   128       1.0                 -3.40282366921e+38  -3.04961899972e-47  

11001011   76        1.92590558529       -1.45517311762e+23  
00101001   -86       1.57892119884       2.04070781943e-26   
11100100   101       1.39281976223       -3.5312176152e+30   -7.13072740629e+48  

00111001   -70       1.47727298737       -1.25129889239e-21  
00100110   -89       1.97136461735       3.184911312e-27     
11100100   101       1.39281976223       -3.5312176152e+30   -392883.433731      

01100111   -24       1.77618658543       -1.05868970479e-07  
00000110   -121      1.22536766529       4.60932085833e-37   
11100100   101       1.39281976223       3.5312176152e+30    -2.29684532132e+29  

00001001   -118      1.89631772041       -5.70652356534e-36  
10111001   58        1.71512639523       -4.94351526044e+17  
11001111   80        1.10564315319       1.33664055517e+24   1.1543452917e-53    

00100010   -93       1.56912767887       1.58441405589e-28   
10111001   58        1.04340910912       3.00742200001e+17   
11101000   105       1.50384700298       6.10032817915e+31   5.26834629754e-46   

11010101   86        1.95566344261       -1.51312129936e+26  
11100100   101       1.42596518993       -3.61525125785e+30  
11111111   128       1.0                 3.40282366921e+38   4.18538350848e-05   

11001111   80        1.15277779102       -1.39362283585e+24  
01001110   -49       1.98404169083       -3.52436602715e-15  
01110000   -15       1.37146639824       -4.18538329541e-05  3.9542511337e+38    

01110001   -14       1.84819829464       -0.000112805071694  
01001100   -51       1.46523928642       6.50696956949e-16   
01110000   -15       1.37146639824       4.18538329541e-05   -1.73360379958e+11  

01101111   -16       1.90814650059       -2.91160049528e-05  
11110011   116       1.88432192802       -1.56543341238e+35  
11111011   124       1.01264357567       2.15365470485e+37   1.85993250959e-40   

01110010   -13       1.75644505024       -0.000214409796172  
00010111   -104      1.40241134167       -6.914421753e-32    
11111011   124       1.01264357567       -2.15365470485e+37  3.10090711604e+27   

01001010   -53       1.78713405132       1.98411737187e-16   
10101111   48        1.16395902634       -3.2762533983e+14   
00011010   -101      1.53539264202       6.05605614727e-31   -6.05605589878e-31  

10010100   21        1.64919948578       -3458622.0          
11011000   89        1.93522012234       -1.19784323714e+27  
00111010   -69       1.70440518856       -2.88737470036e-21  2.88737448505e-21   

10110001   50        1.28284180164       -1.44435146496e+15  
10001011   12        1.54466736317       6326.95751953       
00111010   -69       1.70440518856       2.88737470036e-21   -2.2828531099e+11   

10010101   22        1.35341787338       -5676646.0          
10000111   8         1.44167983532       -369.070037842      
00111010   -69       1.70440518856       -2.88737470036e-21  15380.9451268       

11100101   102       1.31353437901       -6.66041057587e+30  
10001101   14        1.80844449997       29629.5546875       
00111010   -69       1.70440518856       2.88737470036e-21   -2.24789425495e+26  

00000101   -122      1.63172459602       -3.06893287156e-37  
00111100   -67       1.97590768337       -1.33892712684e-20  
01000111   -56       1.65162050724       2.29208389385e-17   2.29208357202e-17   

00001100   -115      1.83588600159       4.41973478117e-35   
10111110   63        1.98391759396       1.82984100595e+19   
11111111   128       1.0                 3.40282366921e+38   2.41536546989e-54   

11010101   86        1.65789163113       -1.28273151935e+26  
00011110   -97       1.57631635666       -9.94795478423e-30  
11111111   128       1.0                 3.40282366921e+38   1.28944245041e+55   

11010111   88        1.54803693295       4.79094225396e+26   
01001101   -50       1.08342969418       9.62278873629e-16   
11111111   128       1.0                 -3.40282366921e+38  4.97874616731e+41   

11100011   100       1.8401170969        2.33262554238e+30   
01010001   -46       1.35900950432       -1.93126866224e-14  
11001100   77        1.85076844692       2.79680220202e+23   -1.20782032452e+44  

00011110   -97       1.45216965675       -9.16447895969e-30  
00011111   -96       1.65868127346       -2.09355009737e-29  
01111101   -2        1.75099301338       0.437748253345      0.437748252177      

01001111   -48       1.65180921555       5.86840519484e-15   
00001100   -115      1.35220909119       3.25532497474e-35   
01111101   -2        1.75099301338       -0.437748253345     1.80270948074e+20   

00001000   -119      1.25492191315       -1.88819663312e-36  
00100110   -89       1.50309431553       2.4283798372e-27    
01100000   -31       1.66978466511       7.77554076681e-10   -7.77554072967e-10  

10000011   4         1.51776874065       24.2842998505       
10011111   32        1.9410482645        8336738816.0        
01100010   -29       1.56386506557       2.91292567844e-09   2.91292559194e-09   

00100101   -90       1.33931279182       -1.08188825736e-27  
01110110   -9        1.56037414074       -0.00304760574363   
00101101   -82       1.71665608883       -3.54996158775e-25  3.54996134138e-25   

10001011   12        1.89659571648       -7768.45605469      
10000001   2         1.76260793209       7.05043172836       
00101101   -82       1.71665608883       -3.54996158775e-25  -1101.84118562      

10010000   17        1.32408094406       -173549.9375        
11001110   79        1.27220499516       7.69000733243e+23   
01000001   -62       1.04077637196       2.25682400709e-19   -2.25682408348e-19  

00111100   -67       1.56603252888       -1.06118491874e-20  
00001100   -115      1.87248635292       -4.50784692193e-35  
11111111   128       1.99999988079       -6.80564693277e+38  2.35408375023e+14   

01011010   -37       1.5518682003        -1.12913272482e-11  
11111111   128       1.27878725529       4.35148754017e+38   
01000001   -62       1.04077637196       2.25682400709e-19   -2.59482008025e-50  

01000100   -59       1.85207223892       -3.21283319206e-18  
00010011   -108      1.39466392994       -4.29764004004e-33  
01000001   -62       1.04077637196       -2.25682400709e-19  7.47580802982e+14   

00010001   -110      1.60063195229       1.23308200274e-33   
10101010   43        1.04630017281       -9.20335364915e+12  
11100110   103       1.52980184555       1.55140338219e+31   -1.33981812473e-46  

00111100   -67       1.12627899647       7.63196334247e-21   
11000011   68        1.8239454031        5.38333664886e+20   
11110111   120       1.23499202728       -1.64158597724e+36  1.41770129573e-41   

11011001   90        1.19603514671       1.48061979651e+27   
11101000   105       1.45005178452       -5.88210884801e+31  
01101111   -16       1.64964485168       2.51715828199e-05   -2.51715810565e-05  

11010001   82        1.62452054024       -7.85569930235e+24  
11011100   93        1.29995989799       -1.28741792575e+28  
01110100   -11       1.24966979027       -0.000610190327279  0.000610190299917   

00011110   -97       1.96778154373       -1.24184474389e-29  
01110010   -13       1.40328657627       0.000171299630892   
11111111   128       1.0                 -3.40282366921e+38  -7.2495471089e-26   

10011001   26        1.42357766628       -95534680.0         
01110010   -13       1.03976607323       0.000126924569486   
00101011   -84       1.40226638317       7.24954728621e-26   -7.52688627482e+11  

01100110   -25       1.93614256382       -5.77015448755e-08  
00100000   -95       1.31528389454       -3.32024333974e-29  
00101011   -84       1.40226638317       7.24954728621e-26   1.73787096219e+21   

00011101   -98       1.75497627258       -5.53772868412e-30  
01011110   -33       1.51476669312       -1.76342052072e-10  
00111110   -65       1.15857863426       3.14033368066e-20   3.14033358411e-20   

10000101   6         1.99371826649       127.597969055       
10110011   52        1.91758191586       8.6360212017e+15    
01010001   -46       1.03970432281       -1.47750870783e-14  1.47750875172e-14   

01011111   -32       1.77201449871       4.12579276299e-10   
00100011   -92       1.58477962017       -3.2004369555e-28   
01010001   -46       1.03970432281       1.47750870783e-14   -1.28913420897e+18  

01100000   -31       1.25974988937       5.86616755172e-10   
00000111   -120      1.88934338093       1.42138398147e-36   
01010001   -46       1.03970432281       1.47750870783e-14   4.12708151224e+26   

01111111   0         1.60916125774       1.60916125774       
11001001   74        1.76244449615       3.32916352662e+22   
11111111   128       1.0                 -3.40282366921e+38  4.83353023928e-23   

11101000   105       1.51540958881       6.14723159952e+31   
01000011   -60       1.54762029648       -1.3423466301e-18   
00110100   -75       1.82605600357       4.83352999549e-23   -4.57946663081e+49  

10010101   22        1.60607206821       -6736354.5          
11010011   84        1.6029933691        -3.10064011613e+25  
01000001   -62       1.00192058086       2.17256894086e-19   2.17256896889e-19   

01010000   -47       1.28636360168       -9.14016312723e-15  
10010110   23        1.32470118999       -11112399.0         
00111000   -71       1.94211900234       -8.22519391236e-22  8.22519343234e-22   

01000001   -62       1.74460160732       -3.78300170556e-19  
01001010   -53       1.45988178253       1.6207943682e-16    
01110110   -9        1.19502937794       0.00233404175378    -0.00233404173891   

01000000   -63       1.84224486351       -1.99736588327e-19  
11101110   111       1.33155286312       -3.45690887408e+33  
11111111   128       1.0                 3.40282366921e+38   5.77789567508e-53   

11011101   94        1.35319340229       2.68027566975e+28   
01111010   -5        1.570997715         0.0490936785936     
11010001   82        1.3835310936        6.69034584516e+24   5.45951280598e+29   

00010000   -111      1.87340772152       7.21610405784e-34   
00010110   -105      1.65382730961       4.07699908918e-32   
01111001   -6        1.13277101517       -0.017699547112     0.0176995478782     

00001100   -115      1.37836778164       -3.3182997313e-35   
01011101   -34       1.3980795145        8.13789383103e-11   
00101101   -82       1.97180175781       -4.07759046465e-25  -4.07759034487e-25  

00010101   -106      1.82908177376       2.25451734964e-32   
00011010   -101      1.24116718769       -4.89554135606e-31  
01111010   -5        1.47367882729       0.0460524633527     -0.0460524625504    

01000001   -62       1.71935415268       -3.72825501521e-19  
00111011   -68       1.29830157757       -4.39881684669e-21  
01111010   -5        1.47367882729       0.0460524633527     84.7558592493       

00100110   -89       1.83921968937       -2.97141966655e-27  
01100111   -24       1.08863902092       -6.48879421306e-08  
00111110   -65       1.68946695328       4.57930935272e-20   4.579309451e-20     

01011101   -34       1.01520633698       -5.90927862198e-11  
00010101   -106      1.29895317554       -1.60108340297e-32  
11111111   128       1.0                 -3.40282366921e+38  3.69079999894e+21   

11110010   115       1.42230904102       5.90804061246e+34   
01110011   -12       1.53834104538       -0.000375571544282  
00111110   -65       1.68946695328       -4.57930935272e-20  -1.57307993707e+38  

11101110   111       1.97214448452       5.11997980577e+33   
10010011   20        1.69857871532       -1781088.875        
00111110   -65       1.68946695328       -4.57930935272e-20  -2.87463465616e+27  

10011001   26        1.50340402126       -100891736.0        
11000011   68        1.59798562527       4.71642109804e+20   
01010100   -43       1.88162410259       2.13915894005e-13   -2.13915877956e-13  

00011111   -96       1.12073457241       -1.41456590289e-29  
11000010   67        1.74783182144       -2.57934450352e+20  
11011011   92        1.28242838383       6.35027777542e+27   5.48420694078e-50   

01001111   -48       1.44747340679       5.14245857201e-15   
01010100   -43       1.42510044575       1.62015163113e-13   
01111010   -5        1.01569914818       0.0317405983806     0.0317406005291     

01000010   -61       1.31493604183       -5.70262605293e-19  
10100110   39        1.29721474648       -7.13151348736e+11  
00011011   -100      1.01366102695       7.99637555311e-31   7.99637561233e-31   

00110111   -72       1.92210948467       4.07022515437e-22   
00001100   -115      1.48871588707       3.58395313199e-35   
00011011   -100      1.01366102695       7.99637555311e-31   1.13568035197e+13   

01100111   -24       1.88342630863       -1.12260956087e-07  
01110100   -11       1.48337042332       -0.00072430196451   
11111111   128       1.0                 3.40282366921e+38   0.00015499192545    

10010110   23        1.87636089325       -15740056.0         
00001100   -115      1.930300951         -4.64703050402e-35  
01110010   -13       1.26969385147       0.000154991925228   3.38712129959e+41   

00110111   -72       1.87242102623       -3.96500575087e-22  
10001100   13        1.91659474373       -15700.7441406      
11111111   128       1.0                 3.40282366921e+38   2.52536167417e-26   

11111101   126       1.29414474964       -1.10093659637e+38  
00111000   -71       1.38369750977       -5.86018689903e-22  
00101001   -86       1.9539039135        -2.52536161881e-26  1.87867147471e+59   

01000010   -61       1.86546695232       -8.09017328964e-19  
11101100   109       1.95566177368       1.26929706048e+33   
11010100   85        1.9077603817        7.38029050583e+25   -6.37374302795e-52  

01110100   -11       1.22842860222       0.000599818653427   
10001101   14        1.73985445499       28505.7753906       
01100101   -26       1.41210508347       2.10420054714e-08   2.10420044783e-08   

01011110   -33       1.81943559647       -2.11810180506e-10  
00100100   -91       1.73557567596       -7.00993432996e-28  
01100101   -26       1.41210508347       -2.10420054714e-08  3.02157153742e+17   

11100000   97        1.75170135498       -2.77568159258e+29  
10101000   41        1.71977365017       3.78182225101e+12   
01100101   -26       1.41210508347       -2.10420054714e-08  -7.33953477543e+16  

10110110   55        1.7490247488        6.30152576557e+16   
11100011   100       1.86027657986       -2.35818072305e+30  
01010001   -46       1.88039219379       -2.67219802736e-14  -2.67219798041e-14  

00101100   -83       1.3192346096        -1.36405661559e-25  
01011110   -33       1.99527490139       2.32280569779e-10   
01001100   -51       1.32235896587       5.87245348293e-16   -5.87245251246e-16  

10001100   13        1.89432489872       -15518.3095703      
10111001   58        1.99790930748       -5.75858151212e+17  
11111111   128       1.0                 3.40282366921e+38   2.69481460628e-14   

10111000   57        1.73917722702       2.50641853169e+17   
01000001   -62       1.81901216507       3.94435388229e-19   
01010001   -46       1.89630734921       2.69481482349e-14   6.35444639728e+35   

01001101   -50       1.91646647453       1.70216416476e-15   
10101000   41        1.90415942669       4.18729086157e+12   
00100100   -91       1.00646328926       -4.06507285216e-28  4.06507267117e-28   

01011010   -37       1.88882136345       1.37429841812e-11   
11001011   76        1.63095521927       -1.23231492201e+23  
00001110   -113      1.15810739994       1.11521686018e-34   -1.11521689268e-34  

11000110   71        1.91170310974       -4.51388134532e+21  
10000010   3         1.93414199352       -15.4731359482      
00001110   -113      1.15810739994       1.11521686018e-34   2.91723756609e+20   

00101110   -81       1.35774111748       5.61548564622e-25   
00001000   -119      1.18318521976       1.78025925352e-36   
00001110   -113      1.15810739994       -1.11521686018e-34  3.15430779822e+11   

00010101   -106      1.08488547802       1.33722459414e-32   
10000000   1         1.52511620522       -3.05023241043      
11111111   128       1.0                 -3.40282366921e+38  -4.38400886952e-33  

11000010   67        1.95993554592       -2.89235435333e+20  
01000001   -62       1.59548842907       3.45966404195e-19   
00010011   -108      1.42269229889       -4.38400912013e-33  -8.36021740336e+38  

00111010   -69       1.4906308651        -2.52522690986e-21  
11110111   120       1.28448295593       1.70737070513e+36   
11000010   67        1.16049098969       -1.71258242293e+20  -1.47901501547e-57  

01101110   -17       1.62244331837       -1.23782601804e-05  
10111110   63        1.03416371346       9.53847667621e+18   
00101111   -80       1.5688457489        -1.29771878758e-24  -1.29771876586e-24  

01110100   -11       1.07360303402       -0.000524220231455  
00011001   -102      1.59043800831       3.13658591733e-31   
00101111   -80       1.5688457489        -1.29771878758e-24  -1.67130837564e+27  

10000101   6         1.58270716667       101.293258667       
11001110   79        1.91217422485       -1.15583839601e+24  
00110101   -74       1.6554005146        8.76361735481e-23   -8.76361773552e-23  

01000010   -61       1.04810643196       -4.54543708211e-19  
01010110   -41       1.70589721203       -7.75752238055e-13  
01101010   -21       1.22880363464       5.85939233133e-07   5.85939280499e-07   

00111110   -65       1.35565257072       -3.67450365579e-20  
10000110   7         1.59432995319       -204.074234009      
11111111   128       1.0                 -3.40282366921e+38  1.80057206812e-22   

11010100   85        1.0196750164        -3.94467665583e+25  
00100010   -93       1.65476620197       1.67088686594e-28   
00110110   -73       1.70059227943       1.80057211316e-22   -2.36082809449e+53  

11101111   112       1.88117611408       9.7676248275e+33    
10011111   32        1.42436337471       6117594112.0        
11111111   128       1.0                 -3.40282366921e+38  1.59664480001e+24   

10111100   61        1.73835849762       4.00838178924e+18   
00000101   -122      1.55831730366       -2.93086909958e-37  
00110110   -73       1.70059227943       -1.80057211316e-22  -1.36764272066e+55  

10011001   26        1.01268351078       -67960040.0         
11011011   92        1.28579044342       6.36692588816e+27   
00111100   -67       1.57519209385       1.0673916814e-20    -1.06739172395e-20  

00101001   -86       1.27453446388       -1.64729718524e-26  
00111111   -64       1.45506858826       -7.88794262252e-20  
01101000   -23       1.75185501575       2.08837391824e-07   2.08837369143e-07   

10110101   54        1.84537005424       -3.32432315546e+16  
10011000   25        1.09575486183       -36767432.0         
01101000   -23       1.75185501575       -2.08837391824e-07  904148855.287       

11100001   98        1.3043371439        -4.13360940841e+29  
10100100   37        1.44831514359       1.99054917632e+11   
01101000   -23       1.75185501575       2.08837391824e-07   -2.07661757749e+18  

01000111   -56       1.88519561291       2.61623446922e-17   
11011101   94        1.06867337227       2.11672569032e+28   
11111111   128       1.0                 -3.40282366921e+38  1.23598181908e-45   

11010101   86        1.99695646763       1.54507022999e+26   
00100011   -92       1.11920964718       -2.26022588264e-28  
11111111   128       1.0                 3.40282366921e+38   -6.83591070194e+53  

10010010   19        1.88278985023       987124.125          
00111011   -68       1.23365855217       4.1797977574e-21    
11101001   106       1.76405215263       1.43116913288e+32   2.3616552338e+26    

10000000   1         1.38585519791       -2.77171039581      
10001000   9         1.94053053856       -993.551635742      
01110110   -9        1.42832624912       -0.00278969970532   0.00278969939367    

01000011   -60       1.74315977097       -1.51195008854e-18  
01000001   -62       1.47911441326       3.20731812043e-19   
01110110   -9        1.42832624912       0.00278969970532    -4.71406337559      

01100011   -28       1.57529020309       5.86841331085e-09   
00010000   -111      1.4762866497        5.68644933033e-34   
01110110   -9        1.42832624912       0.00278969970532    1.03199957829e+25   

11001100   77        1.100522995         -1.66306332966e+23  
11010101   86        1.04116821289       -8.0556488648e+25   
01110110   -9        1.05700778961       0.00206446833909    0.00206446849605    

00101010   -85       1.0178873539        2.63117714033e-26   
11000000   65        1.25456273556       4.62851954145e+19   
11101000   105       1.62269663811       6.58243957531e+31   5.68470569643e-46   

01001110   -49       1.43739330769       2.55332343302e-15   
00100100   -91       1.13704454899       4.59248636002e-28   
11111111   128       1.0                 -3.40282366921e+38  5.55978446718e+12   

11111110   127       1.34696054459       2.2917346113e+38    
00011001   -102      1.54490280151       -3.0467835562e-31   
11101000   105       1.62269663811       -6.58243957531e+31  -7.52181626634e+68  

01010010   -45       1.66525638103       -4.73294329889e-14  
10110100   53        1.8419611454        1.65909110561e+16   
11111111   128       1.0                 3.40282366921e+38   -2.85273260937e-30  

10010101   22        1.51584076881       -6357897.0          
00001000   -119      1.73083126545       -2.6042654397e-36   
00011100   -99       1.80813407898       2.85273257261e-30   2.4413398508e+42    

00100101   -90       1.24501740932       -1.00571705399e-27  
11111000   121       1.33794152737       -3.5568586698e+36   
10101011   44        1.86109399796       3.27407118582e+13   2.82754291737e-64   

01110000   -15       1.77649116516       -5.42142079212e-05  
11011110   95        1.49353718758       -5.91651035092e+28  
11111111   128       1.0                 3.40282366921e+38   9.16320680699e-34   

10100100   37        1.76398348808       -2.42440044544e+11  
01101010   -21       1.96566104889       -9.37300228543e-07  
00010001   -110      1.18945217133       9.16320621669e-34   2.58657831462e+17   

00100111   -88       1.6799467802        5.42820080745e-27   
10000000   1         1.26161658764       2.52323317528       
00100110   -89       1.33158266544       -2.151287822e-27    2.15128782414e-27   

11011100   93        1.86597216129       1.84796932053e+28   
10110100   53        1.84196269512       -1.65909250148e+16  
00100110   -89       1.33158266544       2.151287822e-27     -1.1138434529e+12   

01000111   -56       1.58558475971       2.20044088466e-17   
10110001   50        1.1614896059        1.30772103909e+15   
00010101   -106      1.3651304245        1.68265316002e-32   1.68265311859e-32   

00101010   -85       1.57312130928       4.06642327572e-26   
10110111   56        1.93266820908       1.3926342122e+17    
11110001   114       1.62792682648       -3.38107173882e+34  2.91995072368e-43   

11000011   68        1.34036624432       -3.95606289183e+20  
11011000   89        1.71596539021       1.06213113128e+27   
01101001   -22       1.56222987175       -3.72464626253e-07  -3.72464639753e-07  

10000000   1         1.60186243057       -3.20372486115      
11111010   123       1.35629296303       1.44225806155e+37   
00000101   -122      1.1810593605        2.22132577001e-37   -2.22132567433e-37  

00001011   -116      1.52565586567       1.83644144783e-35   
00100101   -90       1.28270900249       1.03616408048e-27   
11111111   128       1.0                 3.40282366921e+38   1.77234617801e-08   

11001110   79        1.97538220882       1.19404527793e+24   
01110011   -12       1.24415171146       0.000303747976432   
01100101   -26       1.18940138817       1.77234618093e-08   3.93103944907e+27   

00100101   -90       1.00475299358       -8.11633004587e-28  
00000111   -120      1.64151358604       -1.2349375662e-36   
01100101   -26       1.18940138817       1.77234618093e-08   657225941.456       

11101001   106       1.98841810226       1.61319641654e+32   
11100000   97        1.17752468586       1.86586234352e+29   
11111111   128       1.0                 3.40282366921e+38   864.584904745       

11000000   65        1.37440860271       -5.0706727494e+19   
00000101   -122      1.37066185474       -2.57792842742e-37  
01100101   -26       1.18940138817       -1.77234618093e-08  1.96695637298e+56   

00111111   -64       1.46952021122       -7.96628502758e-20  
01000000   -63       1.50081396103       1.62718575704e-19   
11111111   128       1.0                 -3.40282366921e+38  -0.489574407414     

11010001   82        1.58908832073       -7.68435960232e+24  
00100000   -95       1.43137049675       3.61328712247e-29   
11111111   128       1.0                 3.40282366921e+38   -2.12669498489e+53  

10101011   44        1.21026444435       2.1291197268e+13    
01011000   -39       1.58817481995       2.88887316846e-12   
11111111   128       1.0                 3.40282366921e+38   7.37006992914e+24   

10010010   19        1.93824756145       1016199.9375        
01000111   -56       1.06202638149       1.47385767687e-17   
01111101   -2        1.95829772949       -0.489574432373     6.89483084731e+22   

01111001   -6        1.50278651714       -0.0234810393304    
11001000   73        1.67514574528       1.58213042428e+22   
00101111   -80       1.79421591759       -1.48414062176e-24  -1.48414055946e-24  

10110000   49        1.83752965927       -1.0344372361e+15   
11111010   123       1.94907724857       2.0726144358e+37    
11111111   128       1.0                 -3.40282366921e+38  -4.9909776668e-23   

10111110   63        1.24714565277       -1.15028883397e+19  
00111111   -64       1.27297580242       6.90081565253e-20   
00110100   -75       1.8855381012        -4.99097779693e-23  -1.66688822291e+38  

00101010   -85       1.27517008781       3.29623741984e-26   
11110100   117       1.11113739014       -1.84619365767e+35  
10110101   54        1.14762592316       -2.06737907196e+16  -1.78542343386e-61  

01110110   -9        1.35185682774       -0.00264034536667   
01000100   -59       1.05946528912       1.83787930901e-18   
10110101   54        1.14762592316       2.06737907196e+16   -1.43662609058e+15  

00000101   -122      1.15666890144       2.17545241507e-37   
00111101   -66       1.20060658455       1.62712533409e-20   
01000110   -57       1.92680740356       -1.33699121466e-17  1.33699129962e-17   

00011101   -98       1.27056205273       4.00918692421e-30   
10100100   37        1.85853111744       -2.55434571776e+11  
11110111   120       1.36727547646       1.81742084126e+36   -1.5695553254e-41   

00011100   -99       1.31058359146       2.06773631666e-30   
10010000   17        1.70569372177       223568.6875         
00000000   -127      1.0                 5.87747175411e-39   9.24877423479e-36   

