00010001000000010100010001000001
00110010001100100001010010000010
10110000100010001000011011111110
11111101110001100010110100011000
10110100101101011011010000110000
10000011110110100000100001101000
01110000010001101001011010000001
11100001111000010100101101111110
00111011110011100001010000110101
00001100000111110001111000010111
01101111101101011100000001101111
11111100100001010000110010000011
11101010100011101010000001011000
00100011111100110001111010100010
00100010001111101000100000100001
01100011000100101110011010011001
01111011011000100101110011111101
10001011101010100010110000000101
11100011101010111101001101000010
10000011000110010100101111111111
01101111111110101001100101110001
00011101011101100010011100101001
10111111010010111011100101101000
01111111111000001110001111111011
10000011111001010100110111000010
11100001101000000001011000000000
11101111100110100101100110100010
11010111010111010101101001011010
10111110100011101111111010111000
00111000001110000100000000110011
00010111101010010001111010001011
10100011100011010000110110111011
10010000000010001011001111001100
11111000010010000111011001110101
11010010101101010110001001000011
11000110010101010100101000100000
01101100010110010001001111101111
11011000111111010110111101110000
10010111110000110011011001110000
01100100011100110010011101010111
00101111111111100111101111100010
11110010011011100000110100010011
10011000000111000110011110010011
10111000001000001111101010001111
10110111011110011111000010110010
10110110001011110110100101000101
01010100111100111001101000101111
11111001110110000100101000010110
10101001011101010111100111101110
11111111101011010110011001001010
10010000000110111110111011001101
01001100110100000110000011111100
01001100100110000000000000000111
11010000110101011010010101101010
10010101101010101111101100101001
01110001011001000001000110001101
00000000110111001011111110110101
10010010111010111110011100110001
10111111001001001010001101000011
11011000010100010100011011010000
11010001111101010100110010100110
11101001110001001111000100000110
10011001011100111111001000001111
01100011110010110011000001010011
00110010110010001110010000011110
11010000001100000000010011100000
00100011100000100100100010110000
01000010111000011011000011011001
01110101011100011011000010000001
01010011100100011100011110110010
00001110010100101110110101110110
01000000110010001000011011110110
10001000011000010111100010110110
00001110110111111100110100111101
11001000101011101110110100011011
01100010000011110001111111111101
11010110110010000111110101101001
10101001011001000101011111100110
01011101101011101010011011011000
10011100110110111011101001010001
11011101110010000011011000000101
00011000011001001001010010001100
01001100000010101101011110111010
01101011001100011101100111001111
01101100101001001100011011100111
10101011001011001110000101001110
00110110011010000111011011000100
00100111111100000000001101101111
10001101100010110101011101111000
11110000011101011110010111111110
01110101111100100000111101110101
11100101001110110010100000101001
11101010101100111000000001111000
11000101000111000000100011000010
01111011110101111010100110011001
11011111100101110001110101101110
00110100110101110100101001110101
10100111101011000101001011001111
00110001000001100100011001010011
11101111111000011101101001000000
11111011001110010000100111111011
10000101001001111101110110001001
00111001111101010101010011011101
10011101100101111001111101111010
11001011101101100000111101011100
11110111010100011111110000111000
11001010111100001000011110011011
10101011110110110011100011100001
11010000110011111100011010010101
11001101111110101101001000110101
00110100000101111000100011111100
11010101000011010001000001100100
11010111110000001000000001011111
01110101011110110111001001111000
10101001111110001001011010110101
10101010101101001001100001100110
01011011001100001100001000100110
01110110101110001010100001101011
00001011100001110001010001011111
01101001110100100010010110010100
00111011101110100100001101101110
11101010111111110000001010000100
00110000101001000000011011001000
11001100110010110000101100110111
10010000000010011101111000010110
11011001111010110000000010000100
01100100000000000111010101001001
11010011000010111110101111000011
10111100000111111010001011000110
01110110101010010111010000110010
01111110111111110011101111111010
00000011010000100000100111101100
01100010101001000101011111110001
10011111011111100011001010011101
00100101101110011100101101111101
11110011000001010110010100010000
11100101111101101000010000010011
00010100110010100001101000010111
10011100101111010001011101001000
00010011011111000101010110101101
10110011111000110101101000010101
00000011000111001101100011011001
10000100111100101011101010001010
11011100110110111000100101000011
00010001010010001101100100101101
01011100100001011000111001101110
11101010111110100101001100101110
11110010001101101000011000000111
11100111100100111000111000111001
10100111011111011111010100010100
10111000111011001001000111000011
00100110001110111000110011110110
10110111111101000011111000100101
11111001111100010011000101110110
10111001011000001101001100110001
10001011101100111000001000110111
00100101011001001100000011001111
11010111100101001111110010011100
11001010010100110001100011111000
11101100011101111011010101001011
11011000101001000011010000101001
01000101110001011011011110101001
11001010101011010011110011001100
11000011101110001000100011110111
11110010101010000010000111100101
01000110111001110111101100011100
10000010110100001101110001011010
10011110011111001110101010001011
00000110011010101111111001010000
01011111011111011111000100000011
11101010110101000011010111001011
10001111010010011100010010111100
01101011110001100010011000010011
00100110100010101010110111010011
01110001111010111000100011110101
10101000101011011111010000000110
10001111001110011110000010110010
10001111110101000100111110101011
00100111110100110110111001111100
00000110001011010001010100110000
10000100001000001010000101001000
00010011010000000110010101100101
01000001110000100100011000111111
01001111111110000111010001000101
10010010101010110110111010011010
10111011010001111011101001010111
11000101111100101100001110100110
01000000111000011001110100100011
11001000001010010111101101111100
01100111001000101101011110011101
10011110010010000111001111000001
10000110011011111010110110100010
10101101010001101010001110011110
01111111101000111010111101001101
10100010011011010001000010110100
10001001101100101000010001011001
00001000110011001110000110000010
11010101000001011110110100101010
00011110000100000010100111101001
01100001111010010111011100001011
01101100100110010001011110101110
11110100001110011001101101001100
11101000110011111111000001001010
11101110001001100110010100010110
10001111011110111110000001000100
00111001001100111001111011100101
11001100101101100011011111001011
00111001000001010001011100001110
10110011011101111101001110000101
10010000001010000101101100111001
10001110111000001010001100010000
10101111010000011110001111100000
01000010111111110011001000101001
01011001111101010111001101010011
00101111111000101101000101011111
10010001110010101101101000001111
00110000001000010011111101111100
00000011111100011101011000000001
00111111110011011111100011111111
01100100111000011001011111001000
01110100010000011111100011110001
10100001110001100001100001101100
11001010110011011001001111000101
11101001110011010010111011100011
10101000001001001010011110010000
11001011001010011000111111001111
10100000110111110100111100011011
00100101001110101101110101101000
10100000011010111100111010101110
11110111001010100111000001010011
01101110101011010011010101110001
00111101010010010001011001110100
00001000011011111100101111010011
00001011010100111011000010011101
10000110001100000110111001011011
00101110101100101111010001000101
00001010111010100001111101011010
10001101000111101101111010010001
10100000110111000001001111001100
10011101101001100010111010111111
10010011011010110110101110001101
10110011100010110101100010000110
10101110100000011111001001001000
10001010101001100100010000011001
01111001001101100000111000111001
10111001110001001110100001011100
01110111011111000110111100111011
11001001110110010110101100000111
11001100110000000110111110001011
01100001110011001000101011001011
10001111100011110111010000111011
11100001010111111011100011110100
00100111101110010100011011001111
00101010001101100110100110110001
10100001001010000100111111010011
11010011001001100000101100100010
00011011111101100000011110101111
00000110001111101000111000111110
10110011111100010001010000011101
10111010001111011101111100010101
11001011011100000010110010011000
10000110011101110001010000011010
10011011111011111010101101111110
11000110011101010101001011111010
11111110101001011010011010001001
10011100001100010001110100000000
10100001011011101100011110011111
01110110011110100101001100100000
00111010000111010011110100100110
01000110110111101011001110001101
10101111011010001110001101000100
10010010010111100010011101011000
11110000011000000011011111000000
01010100010111000010000110001011
01011011010111111110000000001011
11110001111011100001110110001011
10010110001010001101110010101110
00101111011111110110010100101011
11000110011100100111100100111101
11011100111111111011101101111110
01011100010111101001110101011100
00100000111010001101010101100100
00100110111101010100111011000110
01010100011100111011101101111111
00101101011100011100010011100110
11100101110100001100001100100100
11100011011101001011001010110000
11000001011101111001000111110111
00010111001011011100101001110110
00000100000101110111001010011101
00001010100010101101110110000111
11000000010000110011011100000010
11100001011110101101111100101011
00100000110011000011100011110111
10011101001111101100110011111110
01111011101001000110100111110000
10110111010011111010110000111001
01011111000001000101111101111010
10111010000010010110101111010011
00001100110010111001001101111001
01000010110010101001011000100110
11100111011101001100001000100000
10100001000001100010100001011010
10101011010110100101101011010111
10011111001011011000011000000110
11000011010011000001001100000001
11101010000000101000010010110110
00010001010100111100111101100001
01110111111100001100101001100001
01001111101101100101000110001010
01011110010111101000001010001000
10000010110001110111011011110001
11001100100000011001111110011101
01101101101001001001010011001000
10010100101000110010001111110010
10011111101110100011111110110000
11011010111011000011010100010110
11001100000011000100000110110010
11110000101001101111010010000101
01010010001110010110001001100100
00100011111100010100111000010111
01101110100010001100101001001010
01101010111111111001110001000101
10010001100011110100001001000011
01001001011100001111111101000010
00011101100111011110100010000110
11000000001100010110001110110100
11000100011110000110001101001110
10100001110111110001111111011100
00100000101111010101001110011111
00110001110010011010001100011100
00001000001111001111011011110110
11100110000011001101110111110000
11101010100001010100010100000000
00010101000000100100101000100010
01100000001000001001010110000011
00100111001101111111110010000001
00010010000100011000101010101101
01111111001011000110100100110100
10001100110001011011111101100000
10101001010101010010011100011111
01011010011010111100010101100010
11001010110000100000011100010010
10000100010111011000101111100001
10010010100111110101110010111011
11111100001010110100000110101011
10111000011000110110010000010000
11101111001111110010110000111010
11010010011000011100101000110110
10110101011110111001101011001000
00010011110101110000100001111111
01000000001000010111110010100111
01101110011011101101100000101101
11011010011010111100010101101111
00100011110010101111010001110001
01011000100101001010101110110001
00010101010010010101110000001010
01011011111101110110000110101100
11100001101010111001000100011111
01101100010110111010010011000001
11000000010011010000100111010100
01111101001011011001101100000010
00000101110000110100100010110001
00010010101001000010111111001111
01100111011111001101100101010011
00111001100111110100000001011101
10010010100000001001101110111111
10000011110100100001110100011110
01110100111111101000010001111100
01110000000101101011100100100001
11100000001011111110110010011111
10000010101011110111000111011001
10011111101111000001100100111101
00100000010000000001101010101100
11101000110010110110011100111111
00010000001101110011011100100110
01010101100110101110100111110010
00101100010010110100100101010000
01001001011110000001100001111111
00100011100001111111000001111011
10111100110000000101101101001111
01100100010101100110101100101101
11011000011010110011010000101100
01111101011110010111101101011101
11011111000111111010001001111000
00011111101000101111000011011111
00010101001000110011100011000110
11111010000011100011100111000000
10111011001011010000100110100101
00100010000001111001110010001111
00000010100101000000110110111010
00011110100110011010110101111010
00001110101000101010000111000111
11010010011011011110010001011001
00001110001001111100000100110100
01001000010110100101010000101100
