011100110010110001100111
001011110001101101010010
011001100010110101000101
101000010001001110001110
100100100100000101011101
100101110000011110100000
100000011010010000101011
000100110100110110011010
100000010001010010010010
010010000010111001001000
011110000001111001011110
001100110110000100110000
100000001000001111101010
111101100111110110110100
100000000101010011000000
010111111000000001001100
100010111111000010101101
010001011110010101001000
100011110111010101010110
100100101110111100000110
011011111010101010011101
010111011110111011010010
101000000100000110111000
101010011001000111100000
100001000010100101000011
011110011110111110011000
011010110001000011100011
011010100110011100000000
100001011001111010010111
010101000110000001000000
011101111000101101101100
101110100100011001001010
100000110101010000000011
000000010101010011101010
100101100101011001001011
010101001101111011111100
011111011101100110111111
101111111011000100010000
011110110000100111101011
110011000000001010011000
100100000111110100111110
011111101001000001111110
100111001111010001100101
001001101001111000110100
011100101111101010010011
010111001000001110011100
100111100111111010110100
100000100101010101000000
011110000101010111010110
000001110110000111101000
100010111111001110010000
110100000011011011101100
100000010011010000111100
000110111100111100110100
011101110000101111100001
111100010110110001000010
101001011000010010000100
001100100100111000100110
100011100110110101101000
100100010010111000101010
011101110101110011010111
011000010011010000011010
011101000010000110001110
101101111111111100000000
100011000101001101111010
110011010010111001011110
101001000000000010001101
001101101011011000000000
100011001111101010111101
011111101010100101111000
100011100100101000110011
111110000111000100011100
100100100000101111011111
111100101011001001010100
011010011000110111111000
000000111111101100100000
011010010010101010000011
010100011110101010001110
100000110010100100100010
011101000101111101110100
011111100100100101101011
101001111101110011100000
011101000110101010011110
010011110110110100110110
011110010101010111101101
000001001010000101010000
011101000101100111000010
110000100010001001111000
011101100001010011100000
011000001100010000000110
100011001111011100101010
101011101000000100000000
100110111000001001001101
111000011011100010000000
011001001000101101111001
101111100110100000110000
100000010101101101000111
101010010001101000100100
011110000011010101010010
100011000010110000000110
100000000110100100101001
100010011000001110100100
100000110010100010101101
010100101001010001010100
100010101110111011100001
100010101110111011000000
011101100011011010110000
011100101101000101101100
100010101100011101010011
101110101110000010111000
011100110001001110000001
110000001100010010011000
100100001011001010011100
011101001011011101101110
011011110000000000011100
000011011101010110000000
011110111010111111110010
111110100101010011111000
100000000010010111010111
110111001111110010111010
100001000110101000101000
111001010010000100111100
011011001010000110000110
101110110011011110110000
011111011100011100110000
100111001010100000011100
100001010101111111100010
111100110100000010100000
011100101011011000110011
001100100101011000101000
011000011000101101101110
101101111000000000011110
100110011100000110101101
101001101010000000000000
011011111111011000011101
000100011001110101110100
011010011111111110010100
110010110111100000000000
100000010001010010111101
010101111110110000000000
011001011011100000010111
000010110101111001000000
100000010010001011011111
011100111001110001010000
100011000100100111101110
110001100111001101110000
011110011001000000110110
000110100011100101010000
011111101111110010000111
001110001110000110011000
011100110000011101101000
101101110000000001001000
100011000111111000011111
001101010101011100000000
011100001110110011001010
010101110111100110110000
100000100011001111010101
111010110110111110110100
100001011000010001011100
001001010011101111011000
100000000010100011001111
011001010011000010111100
011100110111010100001111
100001001000101001011010
011101001001101111110001
111110011100101100011110
100101101011001101000011
101101100000000101110010
100000010101010101010100
101001001110011111011000
011000110110000010011111
010011110010010011110000
011101110101001101111110
110001111111111100001100
100001011001110010110110
010010000011100000101100
100010101100100010111000
010010110011000011010000
100101100101011000101000
001111110000111111011100
011111101011011111010111
111011101110100111100100
011011010000100001111011
001101101100001100101100
100010001101000111111010
110111000111101111011000
100011100110011000000000
001111010000010101100100
011111010101010010111010
010110101100011001110010
100101011100111101101101
110001110111100101001000
011101010110000101100110
100111100010101011100000
100111101001101110101100
110111111111100110010100
011010000101110110100011
110001010111110001000110
011100011100101110111100
110111110100001010011100
011101001111001000111100
001011011111111000000100
100101101000010111001001
000100011000101100111000
011111110111100000100001
000100000001100011000100
011010010000100110101110
110010100110001011111100
011111011111111010000010
011001110101111100000000
100100111011001111011100
111100100100001111000100
100011011011000111101001
101111101110110101111000
011111110010101010100101
011010010101110001001110
011011011100101111100110
111101001001010110101110
011010111010011101010111
101011011000110101010100
100000001101010101110000
100111010011011111111010
100100010000100110110011
101111101001001001111100
011100100111101110101010
110110110001011101100110
011101000001101010100000
011010011010111110011100
011100111000001111100110
111101000010001000001010
011111000010011011011101
011100000110001010001100
011010010100001000110000
000110000000001110010010
011111100110100111110110
110011010110100000101000
011110110100101101100011
101110011110100000111110
100000100110100101000000
100100100110110001100000
100110111001000101100001
100001110001101110111000
100010010010001010100100
011001111011101101111100
011000001011011111000000
110111111110010101011000
011111010110110011010011
010101111110011110110110
100001111011101010000111
010011101000101101011000
011010011110100000100111
000100011101101000110100
100100101110110100111010
011111010000000001110110
011111101100111010011001
011100100011011001111000
100100110100110101001010
011111111000100010101100
011101101010100100110100
100101011000001001011100
101000000010111101010011
101111000010001110011000
100000101100000101000110
100011101010101101000000
011011100011000100101111
100010111101000110100000
100001011101010001000000
000111010010011011110100
100010000101001101101101
110010001000111110001100
011101100100101111011101
111100010100011110010000
011111111001001110010010
110100010100110100010100
100110010110010110110000
001000011010101110101100
011100110010000001011101
001010110010101110010000
011110011111011111100100
111101000011101011110100
011000101101110111001001
111000011111100010110010
011100011001100001110101
001101001101010011100000
101000100011110100101011
011100010000101010010100
011011101000111110110100
110110100001110010011000
100011110001101100100110
101011001100100010011110
100110000111111101100111
110001001001001011000000
100001001110100001101010
001010000110000111111000
100010100101101110111000
110111101011010010000000
100011000101110110110010
110001011000101110001110
100101100011101101110110
110010101010010001101100
011110111111101010110110
011100000110011101100000
011110001100000110111100
110111011001101110000000
011011100101111000001111
000101101100000100010000
011110010011010000001100
000001010011110111011000
100001001101101111000010
111010001010101000111000
100011011000011111100011
111101000111000111000100
011011001101111110010001
110010011110101001000000
011101010101010001100101
001010010111011111101000
100010010110110011010101
010101110101100000001110
011101010011001101111000
110000101011101101001000
100000010010111010010101
011011001100101100011000
100101011110001000101001
111001010001000001100000
100000101001110011011001
011000110011101011101000
011110110110110111011001
000111000001100110101000
100100001110001000101000
110110101111000110100000
011111010111000111110000
110011001101000111111000
011101100111010100001100
011111111111100011110100
100001110000110011110110
011010000111001001010100
100100100000001100101100
101001010001010111010100
100111000100000100110011
011101001001010101100000
011110101000100100110011
011111000010001110010100
100010000101010000100010
000011101100000001010110
011110101101001101001101
101011101000011010110110
100011001001001110101010
110111001000001100010000
011100110010110001001010
001000011101101100001010
011010101011100101011001
101001100100010110100100
011111011001101111010001
111011001101001101000000
011100101010100111100101
111010100100011110100100
100100011001100001011110
001001100100111010101100
100001000101110110101111
101111010001101101111110
011110110111101000011010
110111000000010001000100
100011000011111111010111
111011011011011011000000
011101111011111111001000
111001000100111101000000
011100000001111110101100
110110100011101101100000
100001101100011001100100
010100011000000011010000
100101010111111111011000
111100000111001111000000
011110001100011101010100
101100111101011101010000
011001000111011000011001
000101001101001011100100
011101000001000111000110
110011111110111101101000
011010010001111001010010
001101101111010100010000
011010110111011100011100
100100110000001101000000
011001010100010100010110
100001100001011111010000
100010100000000010001010
001101100111110100000000
100100111110000010000110
001100110111101110110000
100011100000010100100010
011011011011111011100100
011011010110001000100010
000110001011011110010110
011101101000101001100000
010011010101101100001010
100011011010001010110000
011101100100010010110000
100110101010110111010110
001001110101110011001000
