10100011000111000000101001000000
01111010111010000000100010100110
11100011100000111000100001010011
11110110011000000111110010110010
00110111100001011100110101001110
10101001010110011001010001101001
11100011000000011111010010010000
00101110110101101110110010011100
01101100101001001101000000100110
01111011001100001011000110111010
11100001110010101100100111000111
10100101001001101011011111011110
01100011100100011101000101101011
01101011010010011011010110010101
11111111001001101001000101001111
01101101010110010000010011001100
11111011111001111111011110011111
01000001100101100011110000110000
01100100111110001001011010010110
10100110010000011111011011000100
