00100010001100111111100110011110
11111010111010000000111110100100
11100011100000101110110011100101
11110110011000000111110010110010
10110111100001011100110101001110
10101001010110011001010001101001
11100011000000011111010010010000
00101110110101101110110001001010
11101100101001001101000000100110
01111011001100001011000110111010
01100001110010101100100111000111
00100101001001101011011111011110
01100011100100011101000101101011
01101011010010011011010110010101
01111111001010000110010111100111
01101101010110010000010011001100
01111011111001111111011110100001
01000001100101100011110000110000
01100100111110001001011010010110
00100110101100000011100000111100
