10100010010111100001011110110000
11110011110111111011101010001110
11100011100000110011101010011100
11110110011000000111110010110010
00000110011010100101001010010111
10101001010110011001010001101001
11100011000000011111010010010000
00101110110101101110110001110011
11011110110100100001011111001111
01111011001100001011000110111010
00110001010010111110111010101101
00001001011110110101000011100111
01100011100100011101000101101011
01101011010010011011010110010101
01111011011010100100110001010100
01101101010110010000010011001100
01110000000101111011110110111111
01000001100101100011110000110000
01100100111110001001011010010110
00100101100111100111100110110011
