00100010110010010000100010100111
11111010111010000000110000100101
01011111000110110110110101001111
10111101001011001001111110000000
10110111100001011100110101001110
10000000110100000101001110011110
00111101100001100011010110011011
10100101101000111000101101000000
11101100101001001101000000100110
10100100001010001101100001111101
01100001110010101100100111000111
00100101001001101011011111011110
01001111010100111111100101000001
01010000011100010111001001010001
01111111001001110111101110011011
01100000001001101100100010001100
01111011111001111111011110100000
00001000000010101010101100110001
01010101001011010100111011111001
00100110100010001001100111001111
