op   Modelsim_bin_res                   Mod_dec_res    A_binary                    B_binary                
val  Expected_bin_res                   Exp_dec_res    A_decimal                   B_decimal               

div  011001011001111000001001           0.793885350227 110001010000010100000111    111110000010101111100001
NO   011001011001111000001000           0.793885340904 1.53921592236               1.93883907795           
REM  000010100010011100110000    

div  100011010010000100100110           1.10257411003  111011001001000110110001    110101101000111110001100
ok   100011010010000100100110           1.10257411539  1.84819614887               1.67625570297           
REM  001100111110010100010000    

div  100010001001001011000011           1.06697881222  111110111110100001001101    111011000001100000011001
NO   100010001001001011000010           1.06697876546  1.96802675724               1.84448540211           
REM  110100010101101001100110    

div  100111111100111000111100           1.24848127365  111101111001100111100011    110001100101001001100101
NO   100111111100111000111011           1.2484812715   1.93438374996               1.54938948154           
REM  010011001110000101111000    

div  100101111011011100010011           1.18527448177  111110111110010110000100    110101001000010110001111
NO   100101111011011100010010           1.18527439644  1.96794176102               1.66032588482           
REM  100111010000001110011100    

div  011011111101111100111110           0.874000310898 110110010100010011011110    111110001001011101101010
NO   011011111101111100111101           0.874000303222 1.69741415977               1.94212079048           
REM  101000011100011010100000    

div  011111011101100011110001           0.983183026314 111110011010000101010001    111111011110011001100101
NO   011111011101100011110000           0.98318299809  1.95023548603               1.98359358311           
REM  011000110111001111010000    

div  100100111100001110011111           1.15440738201  111011011001101010110000    110011011101001011010101
ok   100100111100001110011111           1.15440742071  1.85628318787               1.60799658298           
REM  001000111101110110100110    

div  011101001000010011111101           0.910308480263 110101110111100110010101    111011001011010010010100
ok   011101001000010011111101           0.910308531242 1.68339788914               1.84926080704           
REM  100010101101010110011000    

div  100010101100100101011001           1.08426964283  111100011111011011000010    110111110010100010001110
ok   100010101100100101011001           1.08426964679  1.89034295082               1.74342513084           
REM  000001011111011010101010    

div  011110001011100111100111           0.943173289299 111011111111001101000101    111111100110100001001101
NO   011110001011100111100110           0.943173225685 1.87461149693               1.98755800724           
REM  111011101001101100110000    

div  011111000011101110111101           0.970573067665 110001101010111110001010    110011001011010110101111
NO   011111000011101110111100           0.970572952674 1.55223202705               1.59929454327           
REM  110100100000101101111110    

div  011111011000011101111100           0.980697154999 110011100111101111011001    110100101000110001000111
NO   011111011000011101111011           0.980697136661 1.61315453053               1.6449059248            
REM  101000010010011100000100    

div  100010010001100100111111           1.07108294964  111000100110111010000000    110100110110011110000110
ok   100010010001100100111111           1.07108297188  1.76899719238               1.65159678459           
REM  001010101001001001001010    

div  100010000101100100101111           1.06522166729  111000011100000100010110    110100111110111010000100
ok   100010000101100100101111           1.06522167366  1.76370501518               1.65571641922           
REM  001001000100111010111110    

div  011011111100111101010000           0.873514175415 110011011100100101001000    111010111001010110010111
NO   011011111100111101001111           0.873514168916 1.60770511627               1.84050261974           
REM  101011101111110100101000    

div  100011100011111101010011           1.11130750179  111111111010011100101001    111001100000110000001001
NO   100011100011111101010010           1.11130749655  1.99728882313               1.79724228382           
REM  101100100011111111100000    

div  100001101101111110010111           1.05369842052  111101000110111001110010    111001111111100110001010
NO   100001101101111110010110           1.05369836328  1.90962052345               1.81230282784           
REM  110010000011010110100000    

div  011110100100000101111001           0.955123066902 110110001100101000001101    111000101111100110100111
ok   011110100100000101111001           0.955123099779 1.6936661005                1.7732437849            
REM  010111101110001001001010    

div  100100011010101010110101           1.13802206516  111001110111010001000010    110010110110001000000000
ok   100100011010101010110101           1.13802208375  1.80823540688               1.58892822266           
REM  100010100010110000011110    

div  100010010011111010110000           1.07222557068  111111100101111111100001    111011010011110101100001
NO   100010010011111010101111           1.07222552209  1.98730099201               1.85343563557           
REM  011000000001111101100000    

div  011100101101001000110011           0.89703977108  110000001011101110010111    110101101101101010101110
NO   011100101101001000110010           0.897039746501 1.50572478771               1.67854857445           
REM  111000110000101101001100    

div  100101010010100011010011           1.16530835629  111101110011111011010110    110101000010101111110101
NO   100101010010100011010010           1.16530830712  1.93160510063               1.65759146214           
REM  010000010001001101001000    

div  100010000100001010110111           1.06453597546  110101100011001001100010    110010010011011000100001
NO   100010000100001010110110           1.06453592676  1.67341256142               1.57196438313           
REM  010110011011001100011110    

div  011111010100100110101000           0.978810310364 110001000111100001011110    110010001011100100110101
NO   011111010100100110100111           0.978810247021 1.53492331505               1.56815207005           
REM  011011110111111001011000    

div  011111010000001111110110           0.97668337822  110110000101100011010111    110111011000001100001111
NO   011111010000001111110101           0.976683348021 1.69021117687               1.73056209087           
REM  000000110110111110111010    

div  011110010000001100000001           0.945404171944 110001001110010100100101    110100000100001111111011
NO   011110010000001100000000           0.945404062499 1.53824293613               1.62707459927           
REM  010101111001111111100010    

div  011101000101001001110001           0.908765912056 110011101110011011010100    111000111010110001011001
NO   011101000101001001110000           0.908765908085 1.61641931534               1.77869713306           
REM  101000010111110000000110    

div  100100111001001000001001           1.15289413929  111000000011101111110111    110000100111111100101111
ok   100100111001001000001001           1.15289416119  1.7518299818                1.51950633526           
REM  101001110000000101010010    

div  011100110001000101001100           0.898965358734 110011011011001110010011    111001001101000111111011
NO   011100110001000101001011           0.898965341539 1.60704267025               1.78765809536           
REM  001101010100010001001010    

div  011111101001000001101001           0.988782048225 111100001001100101011001    111100110101010000100011
ok   011111101001000001101001           0.988782066256 1.87967979908               1.90100514889           
REM  001110001010011010010000    

div  100111010111010010000001           1.23011791706  111101010101110010000101    110001110111011000110001
ok   100111010111010010000001           1.23011797577  1.91688597202               1.55829441547           
REM  100101011001100110000110    

div  100100111100001001101101           1.15437090397  111001110111000100010000    110010000111110111011001
NO   100100111100001001101100           1.15437085222  1.80813789368               1.56634056568           
REM  000111100011101000001110    

div  011101011011110000011010           0.919802904129 111000101110001010001001    111101101010101010111000
NO   011101011011110000011001           0.919802901972 1.77253830433               1.92708492279           
REM  111100100111101001110000    

div  100000111101001011001111           1.02987086773  110111100000001011000011    110101111001001001001100
ok   100000111101001011001111           1.02987090885  1.73445928097               1.68415212631           
REM  001000010110000101110000    

div  011110000000101000110101           0.937811493874 110110010001001100000011    111001110111100000001110
ok   011110000000101000110101           0.937811536928 1.69589269161               1.80835127831           
REM  110011100001100001101010    

div  100000000010010010001011           1.0011152029   110100011011110010111001    110100011000000011101001
ok   100000000010010010001011           1.00111522011  1.63857185841               1.63674652576           
REM  101001101110100000011110    

div  100100011101110000111000           1.13953304291  111010110111000101110111    110011101001110100100001
NO   100100011101110000110111           1.13953298075  1.83940017223               1.61417019367           
REM  111001000001001101010010    

div  100000011111000011100010           1.01516366005  111101110111111011010101    111100111100110001101111
NO   100000011111000011100001           1.01516362018  1.93355810642               1.90467631817           
REM  101111001010001001100010    

div  011000010001000110101001           0.758351445198 110000010000011010101010    111111101000100010100101
NO   011000010001000110101000           0.758351370186 1.50801587105               1.98854506016           
REM  001010111011000011101110    

div  100010010111011010101110           1.07393431664  110100010111110010101101    110000110001000010100101
NO   100010010111011010101101           1.07393430785  1.63661730289               1.52394545078           
REM  011111100011001011010100    

div  100001010111110100101001           1.04288208485  111001011101100101111100    110111000110010111111111
NO   100001010111110100101000           1.04288200434  1.79569959641               1.72186267376           
REM  011111100000100100111110    

div  011100011001101000101101           0.887517571449 111000101001010100000101    111111110100110001111010
NO   011100011001101000101100           0.88751754351  1.77017271519               1.99452137947           
REM  110000001111100110001010    

div  011001100111010000100001           0.800418972969 110001101001101110111110    111110000010000101101011
NO   011001100111010000100000           0.800418879385 1.55162787437               1.93851983547           
REM  001011100101001100111010    

div  011111000000001010010110           0.96882891655  110000100001110011100100    110010000101101110110110
NO   011111000000001010010101           0.968828875402 1.51650667191               1.5652987957            
REM  010011001100111101000100    

div  011111010000001011010101           0.976648926735 111010101100010110101100    111100000110001010101011
NO   011111010000001011010100           0.976648891808 1.83415746689               1.87801110744           
REM  011010000111000010000010    

div  100101000110000001100111           1.15919196606  111011111101100111001101    110011101110100101111101
NO   100101000110000001100110           1.15919188147  1.87383425236               1.61650049686           
REM  010010110111101110010100    

div  011111111101001111001000           0.998650550842 110101011010111000110101    110101011111100000100000
NO   011111111101001111000111           0.998650544033 1.66937887669               1.67163467407           
REM  000100111010100100111000    

div  011100101101110001001011           0.897347807884 110100110101111101001111    111010111000110101100000
ok   011100101101110001001011           0.897347839809 1.65134608746               1.84025192261           
REM  100111000001111101000000    

div  100000000100011101111011           1.00218141079  111100101011000000000100    111100100010100011001001
NO   100000000100011101111010           1.00218139044  1.89599657059               1.89186966419           
REM  101111101111101110111100    

div  011111010000111111111000           0.977049827576 110101001110000001001011    110110011110000001011111
NO   011111010000111111110111           0.977049813391 1.6630948782                1.70215976238           
REM  111111000000101100001000    

div  100111001111010101000111           1.2262352705   111011111110010001011001    110000111010001000000111
NO   100111001111010101000110           1.22623525671  1.87415611744               1.52838218212           
REM  011100100101110000010010    

div  100001011101011000110000           1.04559898376  110011000000100111011111    110000110010001111101111
NO   100001011101011000101111           1.04559893763  1.59405124187               1.52453410625           
REM  000010001011111001110010    

div  011011011001010101100001           0.856121182442 110000101110101110101110    111000111010110111000100
ok   011011011001010101100001           0.856121201333 1.52281737328               1.77874040604           
REM  110101101101010001000000    

div  011100010011100000011111           0.884525179863 110010000000001110011111    111000100010000001000010
NO   011100010011100000011110           0.884525170193 1.56261050701               1.76660943031           
REM  110011010001011110000000    

div  100000101010100000110100           1.02075815201  110011001010010001001110    110010000111101011110000
NO   100000101010100000110011           1.0207581101   1.59876418114               1.56625175476           
REM  110000111011011000100000    

div  011111101010110101010011           0.989664435387 111000011001001100111001    111000111110111001001111
NO   011111101010110101010010           0.989664391637 1.76230537891               1.78071010113           
REM  000010010001111101000110    

div  100000111000100001100001           1.02759945393  111101011010000011111111    111011110000100000100000
ok   100000111000100001100001           1.02759948431  1.91897571087               1.86743545532           
REM  100011010110011100000000    

div  011110110100000101100001           0.962932705879 111000101101110111001011    111010111001100101110011
ok   011110110100000101100001           0.96293270773  1.77239358425               1.84062039852           
REM  001101001111100010110010    

div  100001011001000101101011           1.04350030422  111000011100000101101001    110110000101100000101110
ok   100001011001000101101011           1.04350033678  1.76371490955               1.6901910305            
REM  100101110110111000001100    

div  100011001011110000101001           1.09949219227  111010111001000001000000    110101100011111101011101
ok   100011001011110000101001           1.09949223431  1.84033966064               1.67380869389           
REM  110010001011000110011010    

div  011111110101001011101001           0.994717717171 110101001011001010010100    110101011101001110111010
ok   011111110101001011101001           0.994717758826 1.66169977188               1.67052388191           
REM  011101000101001110110100    

div  100011111001100011011101           1.12185251713  111111100110101110110101    111000101100100101001000
NO   100011111001100011011100           1.12185251581  1.98766195774               1.77176761627           
REM  011000111011111111001110    

div  011001101111000011100000           0.804225921631 110001000110001011000100    111101000011000100111101
NO   011001101111000011011111           0.804225904901 1.53426408768               1.90775263309           
REM  111110011001110100001110    

div  100000000000001010111001           1.00008308887  110010101100101000111011    110010101100010111101011
NO   100000000000001010111000           1.00008307661  1.58429658413               1.58416497707           
REM  010100010001110110000010    

div  100001000111100000001001           1.03491318226  110011000011100110101111    110001010101010111110001
ok   100001000111100000001001           1.03491318408  1.59551036358               1.54168522358           
REM  111100110111010110000100    

div  011111011000100110111100           0.98076581955  110111101010110111110010    111000110000101111101010
NO   011111011000100110111011           0.980765769683 1.73968338966               1.77380108833           
REM  100010011110001011110010    

div  011010111010101110101111           0.841176867485 110010001111110110100000    111011101111000010011101
ok   011010111010101110101111           0.84117690822  1.57024002075               1.86671793461           
REM  000101010010001000111000    

div  011101110101111110010111           0.932604670525 111011011011010101100110    111111101110001100000011
ok   011101110101111110010111           0.932604672856 1.85709834099               1.99130284786           
REM  110010111011110011110000    

div  100100011111100001111111           1.14039599895  111111110010111101000110    110111111100010010111010
ok   100100011111100001111111           1.14039600706  1.99363017082               1.74819111824           
REM  101101110100000011101000    

div  011110000011110011011011           0.939357161522 110011010001011011010010    110110100101010001001011
NO   011110000011110011011010           0.939357065595 1.60225892067               1.70569741726           
REM  000111001100101000110110    

div  100011011001001001100111           1.10603034496  111000010000000111010101    110010110110111111001100
NO   100011011001001001100110           1.10603027446  1.75786840916               1.58934926987           
REM  001000111000001011110000    

div  011100111001000101101101           0.902875542641 111001100011101110110010    111111101111111111111010
ok   011100111001000101101101           0.902875558726 1.79869675636               1.99218678474           
REM  101001111101101010111010    

div  101000101101111110101001           1.27245056629  111110010010100000110010    110000111100111100001101
ok   101000101101111110101001           1.27245058942  1.94653916359               1.52975618839           
REM  110111101100110101010000    

div  100101110101100100100000           1.18240737915  111010000101011000111101    110001000111111010101010
NO   100101110101100100011111           1.18240732156  1.81513178349               1.53511548042           
REM  000110100001010101100010    

div  011110011110110010100001           0.952533841133 110000001010111000100110    110010100100100000100100
ok   011110011110110010100001           0.952533880879 1.50531458855               1.58032655716           
REM  001111111011110101101000    

div  011110100111011000110100           0.956732273102 110111000110000010001111    111001100101011111111000
NO   011110100111011000110011           0.956732269903 1.72169673443               1.7995595932            
REM  011000000110011000101000    

div  011101100001100100001100           0.922639369965 111010111011000101101111    111111110111010010001110
NO   011101100001100100001011           0.922639332945 1.84135234356               1.99574446678           
REM  011101000111100010110010    

div  011100110001101100101110           0.899266958237 110101000010101001110110    111010111110111010011001
NO   011100110001101100101101           0.899266920842 1.65754580498               1.84321892262           
REM  010011001100000010011000    

div  011100111100110011111111           0.904693484306 110001101111011111010011    110110111110110111000000
NO   011100111100110011111110           0.904693445919 1.55443799496               1.7181930542            
REM  000000101001001000000000    

div  011111110001100110000011           0.99296605587  110111110111001110000111    111000010000100010111111
NO   011111110001100110000010           0.99296602031  1.74571311474               1.7580794096            
REM  100101000001101011001100    

div  011111101001101010010111           0.989092707634 111010110000100101100000    111011011010000011100111
NO   011111101001101010010110           0.989092623922 1.83622360229               1.85647284985           
REM  100001111110011001011100    

div  100000011101011100001001           1.01437485218  111010110100101110100101    111001111111011000001011
NO   100000011101011100001000           1.01437474226  1.83824598789               1.81219613552           
REM  010011110010100111011100    

div  011110101111011010001111           0.960649371147 111100101001100010001011    111111001000100010000001
NO   011110101111011010001110           0.960649345557 1.89528024197               1.97291576862           
REM  001001011101001001100100    

div  100000000110010101010001           1.00309193134  111010101000010010010110    111010011100101110000111
ok   100000000110010101010001           1.00309196109  1.83217120171               1.82652366161           
REM  011001111100001101011010    

div  011101100100001100100111           0.923924326897 110100000001000001100100    111000010011001000101100
NO   011101100100001100100110           0.923924229411 1.62550020218               1.75934362411           
REM  000110111110100110001000    

div  100100100110001011101100           1.14364385605  111011101111000100110101    110100001110111000111101
NO   100100100110001011101011           1.1436438418   1.86673605442               1.63227045536           
REM  010010001010100001100110    

div  011100100000001101010111           0.890726923943 111000111101000101011000    111111111100010000011111
NO   011100100000001101010110           0.89072692114  1.77982616425               1.9981726408            
REM  101101000100111101011010    

div  011010001101001111001101           0.818963646889 110000111110111011110100    111011110011111011011101
NO   011010001101001111001100           0.818963624221 1.53072977066               1.8691059351            
REM  000110110111100100011110    

div  100101111101011001110010           1.18623185158  111100100000001000111111    110011000000001111000110
NO   100101111101011001110001           1.18623180764  1.89069354534               1.59386515617           
REM  010111001011001001110000    

div  100110001111000101100111           1.19486701488  111111001000000010111011    110100110101001010101111
NO   100110001111000101100110           1.19486697595  1.97267854214               1.65096080303           
REM  001000101001101101100010    

div  100001100100001010111111           1.04891192913  111111000110011010110111    111100001010000110101010
NO   100001100100001010111110           1.04891184073  1.97188460827               1.87993359566           
REM  100001100011011011001100    

div  011100000011000110011001           0.876513600349 110101110001010000010001    111101010110000100100000
ok   011100000011000110011001           0.87651363233  1.68029987812               1.91702651978           
REM  001001111001110100111000    

div  011101010100001111001011           0.91613137722  110010000010101000000011    110110100111110100001011
NO   011101010100001111001010           0.916131306272 1.56378209591               1.70694100857           
REM  000001110110110011100010    

div  011101010001001110010001           0.914659619331 110110110110001101010011    111011111101101110001000
NO   011101010001001110010000           0.914659516732 1.71396863461               1.87388706207           
REM  001101000110101010001000    

div  011100110100010101000010           0.900551080704 110111000001111001111010    111101000110110101010100
NO   011100110100010101000001           0.900551053477 1.71968007088               1.9095864296            
REM  010001101110001110011000    

div  011100111101100010101100           0.905049800873 110110011001001101100111    111100000110011011101010
ok   011100111101100010101100           0.905049804551 1.69981086254               1.87814068794           
REM  001100011000011100101010    

div  011110010111001001111011           0.948806166649 111011001010010111011100    111110010110101010011101
ok   011110010111001001111011           0.948806225371 1.84881162643               1.94856607914           
REM  111111010001001110001110    

div  011100101011001011100001           0.896083950996 111000111010011110001100    111111100000111000001010
ok   011100101011001011100001           0.896084010451 1.77855062485               1.98480343819           
REM  100111011010110001110100    

div  100100101100001100011100           1.14657926559  111000110100110011001000    110001100011110111100110
NO   100100101100001100011011           1.14657926501  1.7757806778                1.5487639904            
REM  010101101100100111000100    

div  100101111110100100101101           1.18680346012  111001101100111001000101    110000100111101000001111
ok   100101111110100100101101           1.1868035189   1.80316984653               1.51934993267           
REM  000100100110101111010100    

div  100010101111001011111101           1.08554041386  111000100001011011010100    110100000100010111111100
ok   100010101111001011111101           1.08554043825  1.76632165909               1.62713575363           
REM  010001010000011000010000    

div  100110101010011010001110           1.20820784569  111011011011011101101101    110001001100000001011000
NO   100110101010011010001101           1.20820779979  1.85716021061               1.53711986542           
REM  011011010010001010000000    

div  011001111101111000100101           0.811466813087 110000010111110011001001    111011100111000100001110
NO   011001111101111000100100           0.811466731855 1.51162064075               1.86282515526           
REM  000000100111100011100000    

div  100100101111111001111111           1.14839160442  111000011011011110010000    110001001000110011110100
NO   100100101111111001111110           1.14839152435  1.76341438293               1.535551548             
REM  011010111111001000000000    

div  011000110111110111111101           0.777282357216 110000010100000101101101    111110001010000100111100
NO   011000110111110111111100           0.777282339168 1.50980913639               1.94242048264           
REM  000001011101011100000000    

div  100011001011110100010001           1.09951984882  111010001100001110111000    110100111011001001010000
NO   100011001011110100010000           1.09951978356  1.81847286224               1.65387916565           
REM  011011100010011010100000    

div  011111100110110001110100           0.987684726715 111100001001101111111000    111100111001110000000000
NO   011111100110110001110011           0.987684701911 1.87975978851               1.90319824219           
REM  100001010100100000011110    

div  100000010011011000110000           1.00946617126  110001010110111110100010    110000111001010110101011
NO   100000010011011000101111           1.00946610719  1.54246926308               1.52800500393           
REM  000011110100000011011010    

div  011100001110110011101001           0.882229924202 110001100000111101001000    111000000111111110111011
ok   011100001110110011101001           0.882229938727 1.54734134674               1.75389802456           
REM  110001011100111100101110    

div  100000111110111001000010           1.03070855141  111000011010101001110001    110110101111000101000000
ok   100000111110111001000010           1.03070855375  1.76301395893               1.71048736572           
REM  001110010100101000000000    

div  100011001111000100000111           1.10110557079  110110001100110111100110    110001001110010110011100
ok   100011001111000100000111           1.10110559372  1.69378352165               1.53825712204           
REM  101000001101010101010000    

div  100100110111001011111100           1.15194654465  111010000010010100011101    110010011000011000101011
NO   100100110111001011111011           1.15194649719  1.81363260746               1.57440698147           
REM  011101100110110100111010    

div  100000010101100100100001           1.01053249836  110011110011011111111111    110011010000111100011000
NO   100000010101100100100000           1.0105324575   1.61889636517               1.60202312469           
REM  000001101011101000101110    

div  100010111101011000000111           1.09246909618  111110111011011011110011    111001100110100010110000
ok   100010111101011000000111           1.09246911275  1.96652066708               1.80006980896           
REM  010101100111100001011000    

div  011010110001000011000000           0.836448669434 110101011100110010101010    111111111100000011010110
NO   011010110000000010111011           0.835959879831 1.67030835152               1.99807238579           
REM  101000011011100101011100    

div  011101100010111011100001           0.923305630684 110101111101000001101001    111010011011110110100000
NO   011101100010111011100000           0.923305531532 1.68604767323               1.82609939575           
REM  011110000001100011100000    

div  100010011000101100110111           1.07456099987  111010100011001100101101    110110011111001100001010
ok   100010011000101100110111           1.07456105038  1.8296867609                1.70272946358           
REM  010101010110101110110010    

div  011110100011101010001000           0.954911231995 110010011100100101010010    110100110101000001110111
NO   011110100011101010000111           0.954911202825 1.57645630836               1.65089309216           
REM  101100100000100011101100    

div  011110101111110101010101           0.960856080055 110001011001000010001000    110011011001110011110100
NO   011110101111110101010100           0.960855981346 1.54347324371               1.60635232925           
REM  011101100101101111101000    

div  011101000100011101010101           0.908426880836 111001011111011000010010    111111010010010001101010
NO   011101000100011101010100           0.908426858944 1.79657196999               1.977673769             
REM  001010100101100010011000    

div  011010010100101000011011           0.822574019432 110100001001101001010010    111111011001100011111101
ok   011010010100101000011011           0.822574050801 1.62970948219               1.98123133183           
REM  111001100101101111101000    

div  100110001110011110111100           1.19457197189  111101000000011101100111    110011000100100000001111
NO   100110001110011110111011           1.1945719051   1.9064759016                1.59594905376           
REM  110000000000010010110100    

div  011100011100001111011000           0.888789176941 110001111110010001101101    111000001110011101110000
ok   011100011100001111011000           0.888789178219 1.56165850163               1.75706291199           
REM  110000111001000110100000    

div  011011110101100100100001           0.86990749836  110111001100110011111110    111111011101001000101010
ok   011011110101100100100001           0.869907498974 1.7250058651                1.9829761982            
REM  010010100111111001100010    

div  100011011110110001101001           1.10877716541  110111110101000110001111    110010010110100011101001
NO   100011011110110001101000           1.10877714184  1.74467647076               1.57351410389           
REM  000001001011000110011010    

div  011111110010000000101010           0.99316906929  111000011111011101110010    111000111000010101010001
NO   011111110010000000101001           0.993169045714 1.76536393166               1.77750599384           
REM  001010100110011000101100    

div  100100100110100100010001           1.14383137226  111110110101100100101001    110110111011111000010001
NO   100100100110100100010000           1.14383126886  1.96365845203               1.7167378664            
REM  000010100010100011010000    

div  011101101001110010100011           0.926655173302 110110001000000111010101    111010011010010011001100
NO   011101101001110010100010           0.926655079298 1.69146215916               1.82534170151           
REM  101001011111000111011000    

div  011101011011010000000110           0.919556379318 110100000010110100111010    111000100110001101011110
NO   011101011011010000000101           0.919556361192 1.62638020515               1.76865744591           
REM  011110011100100110001100    

div  100010000110011001101110           1.06562590599  111111001101001101100110    111011010100000101110011
NO   100010000110011001101101           1.06562589095  1.97520136833               1.85355985165           
REM  011010111000010001100010    

div  100011100000001010010111           1.10945403576  111011110100110011010001    110101111011000100010101
ok   100011100000001010010111           1.10945407024  1.86953175068               1.68509161472           
REM  101010011100011010000110    

div  011101110111101001110110           0.933424711227 110000101111100011100100    110100001110000011011101
NO   011101110111101001110101           0.933424686134 1.52322053909               1.63186228275           
REM  101000101101000011110000    

div  011010001111111000111011           0.820258498192 110001000010011011100001    111011110010001001011101
NO   011010001111111000111010           0.820258435783 1.53243649006               1.86823618412           
REM  001011000010110110000000    

div  011100110010111110111110           0.899894475937 110101001001101011110000    111011000100000101111000
NO   011100110010111110111101           0.899894440808 1.66097831726               1.84574794769           
REM  110110010100000010100000    

div  100110100011110110000110           1.20500254631  111010011001110101000101    110000011101111011010011
NO   100110100011110110000101           1.20500254575  1.82511198521               1.5146125555            
REM  000011111110111010100000    

div  100011011110111100010111           1.10885894299  111011001101010010100010    110101011001010010011001
NO   100011011110111100010110           1.10885891609  1.85023903847               1.66859734058           
REM  100111101011010111001000    

div  100000101001000010101111           1.02004039288  111100100001001010010011    111011010101000100010000
NO   100000101001000010101110           1.0200403349   1.89119184017               1.85403633118           
REM  001011011001111001011110    

div  100011011011011001100101           1.10712873936  111010010010001001110011    110100101001001101101010
ok   100011011011011001100101           1.1071287736   1.82136380672               1.64512372017           
REM  000001101100010011100000    

div  100100110011010100011011           1.15005815029  111000110100001111011100    110001011001110010100000
NO   100100110011010100011010           1.15005812819  1.77550840378               1.54384231567           
REM  010101101111011100111000    

div  011110111110000100010000           0.967805862427 111000101100001000101000    111010100100110100110100
NO   011110111110000100001111           0.967805799577 1.77155017853               1.8304810524            
REM  010111100111110000000000    

div  100000101010100100110001           1.02078831196  111111111011000111001010    111110100111110010111111
NO   100000101010100100110000           1.02078827676  1.9976131916                1.95693194866           
REM  010110011100111110010100    

div  011011011001000011010001           0.855981945992 110110101110101001101100    111111111011111101111111
ok   011011011001000011010001           0.855981995505 1.71027898788               1.998031497             
REM  010001101001001111001000    

div  011101101010100111001101           0.927056908607 110011011100101001011111    110111011111101110001110
NO   011101101010100111001100           0.927056801642 1.60773837566               1.73423933983           
REM  011100100111101110101010    

div  011110100101100011001110           0.955835103989 111011101001001000101001    111110011001100000100001
NO   011110100101100011001101           0.955835059208 1.86383545399               1.94995510578           
REM  000011111111111110101000    

div  100010111101011000011101           1.09247171879  111100101010111101010000    110111100010010010010100
NO   100010111101011000011100           1.09247170491  1.89597511292               1.73549127579           
REM  001011010101001100001000    

div  011100010100100111011001           0.885066151619 110111010110110001001001    111110100010110101000000
ok   011100010100100111011001           0.885066186115 1.72986710072               1.95450592041           
REM  110011110001011111111110    

div  100101001101100101011111           1.16288363934  111111011111101111001111    110110100110100010010010
NO   100101001101100101011110           1.16288355607  1.98424708843               1.70631623268           
REM  010110100100000010110010    

div  011100111100011110000001           0.904525876045 110111000100101001100001    111100111000101011100100
ok   011100111100011110000001           0.904525924884 1.72101986408               1.9026761055            
REM  101100111010010011110000    

div  011010101011000101010111           0.833536982536 110001010010100100000110    111011001000100011010110
NO   011010101011000101010110           0.833536904689 1.54031443596               1.84792590141           
REM  000100101110000100111100    

div  011100001001001111111111           0.879516482353 110110011101101010010111    111101111011001010000100
NO   011100001001001111111110           0.87951642238  1.70198333263               1.93513536453           
REM  001000001011101111000000    

div  011010111110001101100100           0.842876911163 110000011100111011011101    111001011110111110110111
NO   011010111110001101100011           0.842876862477 1.51412546635               1.79637801647           
REM  001000100100011100111010    

div  100101011111101000010000           1.17169380188  111110110111001110011100    110101101001101011110000
NO   100101011111101000001111           1.17169374408  1.96446561813               1.67660331726           
REM  100011100101000111011110    

div  011111110001010111110111           0.992857813835 111010100011101001100011    111010111110100110111011
NO   011111110001010111110110           0.992857805824 1.82990682125               1.84307038784           
REM  000110000101011111001010    

div  011011100111100110011101           0.863086342812 110100110000010001100111    111101000111110111001111
NO   011011100111100110011100           0.863086236521 1.64857184887               1.91008937359           
REM  100101011000011000011100    

div  011011100001001110111001           0.859976887703 110110011101001001001111    111111010100100110100100
NO   011011100001001110111000           0.859976830572 1.70173060894               1.97880983353           
REM  001000110111110000000000    

div  100010100011111001000011           1.08002507687  111101000101010010101100    111000100011101000011000
NO   100010100011111001000010           1.08002504788  1.90883398056               1.76739788055           
REM  001110110100010100000000    

div  011111000100011001000000           0.970893859863 110110011000101000101001    111000000000111110101110
NO   011111000100011000111111           0.970893848425 1.69952881336               1.75047850609           
REM  001110110001011101001000    

div  011100000100111000101001           0.877385258675 110000000000000101000000    110110101101011001101101
NO   011100000100111000101000           0.877385249113 1.50003814697               1.70966875553           
REM  001101101010011011111000    

div  011111010111101101111001           0.980330586433 110110101100011111100001    110111110010101110100000
NO   011111010111101101111000           0.980330577088 1.70922482014               1.74351882935           
REM  001100101100111000111110    

div  011111001110001101110011           0.975691199303 110000111110001111010101    110010001100010100111110
NO   011111001110001101110010           0.975691105144 1.53039038181               1.56851935387           
REM  001001110001000110110100    

div  011101100110001110000111           0.924912333488 111001001001100011000111    111101110010011110110011
ok   011101100110001110000111           0.924912371034 1.78591239452               1.93089902401           
REM  011010010000001111100010    

div  011100100100100111000000           0.892875671387 110010100001011101001011    111000100101011001010100
NO   011100100100100110111111           0.89287563415  1.57883584499               1.7682595253            
REM  100110101001010001100110    

div  100001000010100100100011           1.03250539303  111000100011011101110001    110110110001100001000110
NO   100001000010100100100010           1.03250533235  1.76731693745               1.71167826653           
REM  001100101100000100011010    

div  011011101111010001100001           0.866832852364 110101110100001001100001    111110000101010000010111
ok   011011101111010001100001           0.866832898552 1.68171322346               1.94006621838           
REM  110011001010001111110010    

div  100101100000001110101011           1.17198693752  111010001000001000110111    110001100110001101110000
ok   100101100000001110101011           1.17198696713  1.81647384167               1.54990959167           
REM  100001001001101010100000    

div  011010010001101100101001           0.82114136219  110000000100010000100010    111010100010010100011111
NO   011010010001101100101000           0.82114134528  1.50207924843               1.82925784588           
REM  010010100110001100001100    

div  100111010110001100011101           1.2295871973   111011111000011010000101    110000101100110100110001
ok   100111010110001100011101           1.22958720208  1.8712927103                1.52188694477           
REM  000101100111100100101110    

div  100101100011001110111101           1.17345392704  111111111001100011011001    110110011101000011100110
ok   100101100011001110111101           1.17345397025  1.99685204029               1.70168757439           
REM  100111000101010100011100    

div  100000000000010000000011           1.00012242794  110011100001011011011111    110011100001000001101001
ok   100000000000010000000011           1.00012247663  1.61007297039               1.60987579823           
REM  110110000001110010001110    

div  100000010010100100010111           1.00906646252  111101010001011101111110    111100101110001110111101
ok   100000010010100100010111           1.00906652105  1.91477942467               1.89757502079           
REM  011000000101110010111000    

div  011000101101100000010101           0.77221930027  110000011111100011101011    111110110011000000101100
NO   011000101101100000010100           0.772219228097 1.51540887356               1.96240758896           
REM  110001011111110001101000    

div  011111111100110110111101           0.998466134071 110111100101100010100011    110111101011000000010101
NO   011111111100110110111100           0.998466089204 1.73707997799               1.73974859715           
REM  010111101000000111010010    

div  011010100010011000000011           0.829285025597 110001011000001000100100    111011100010101011000101
NO   011010100010011000000010           0.829284934629 1.54303407669               1.86068022251           
REM  001111001000101010010110    

div  011011100011111011010001           0.861292004585 110011000001101010010111    111011001111100101011101
NO   011011100011111011010000           0.861291963282 1.59456145763               1.85135996342           
REM  011100111001100101100000    

div  011101111101111110001101           0.936509728432 111000010110110101111010    111100001011010111011111
NO   011101111101111110001100           0.93650964403  1.76115345955               1.88055026531           
REM  110010011001100111110000    

div  100100111101000111110100           1.15484476089  110111011101111011111001    110000000001111100110110
NO   100100111101000111110011           1.15484474424  1.73336708546               1.50095248222           
REM  101100101011010111011100    

div  100110010111001110101110           1.1988427639   111001111101100101110010    110000010110010011110011
NO   100110010111001110101101           1.19884275973  1.81132340431               1.51089322567           
REM  100111111111100010101010    

div  011010010011011011110101           0.821989655495 110000011010110011000000    111010111001110111111010
NO   011010010011011011110100           0.821989609493 1.51308441162               1.84075856209           
REM  011000101110001110100000    

div  011110100001110110001011           0.954026579857 111100111111010010000110    111111111011011000001001
ok   011110100001110110001011           0.954026609292 1.90589976311               1.9977427721            
REM  011110101001011001100010    

div  011100011111001000101100           0.890202999115 110010010001110101010111    111000011110101110000010
NO   011100011111001000101011           0.890202953014 1.57120788097               1.76499962807           
REM  100011101010110011000100    

div  100001101000101101111001           1.05113136768  111000011100100000010100    110101101100110001110011
NO   100001101000101101111000           1.05113126386  1.76391839981               1.67811429501           
REM  001110000011000101101100    

div  100001011000110100000101           1.04336607456  111011011001010100010110    111000111011010100100101
NO   100001011000110100000100           1.04336601545  1.85611224174               1.77896559238           
REM  011011110000001001010010    

div  100010100101101010100010           1.08089089394  110100101011010001000100    110000101110111110000111
NO   100010100101101010100001           1.08089084071  1.64612627029               1.52293479443           
REM  100001000110100101111100    

div  100011000000111011110011           1.09420621395  111001010011010101111101    110100010111100110011111
ok   100011000000111011110011           1.09420622241  1.7906948328                1.63652408123           
REM  010010011111010010001000    

div  100011101000101001010011           1.11359632015  111100111001010000010100    110110101011101100111011
NO   100011101000101001010010           1.1135962403   1.90295648575               1.70883882046           
REM  101100110101110111011100    

div  100010001101011010110101           1.0690523386   111101111110101111001101    111001111110100001001000
ok   100010001101011010110101           1.06905235329  1.93688356876               1.81177616119           
REM  010000011101100100011000    

div  100010111111110011111000           1.09365749359  110110111001111000011010    110010001100111101101010
NO   100010111111110011110111           1.09365745365  1.71576237679               1.56882977486           
REM  010111100001101011010100    

div  100000110001110111101011           1.02435052395  111111110101100110110000    111110010100011110111110
NO   100000110001110111101010           1.02435050129  1.99492454529               1.94750189781           
REM  000010101110100001011100    

div  100011100010100110100101           1.11064589024  111010110011111101111101    110100111100111111011000
NO   100011100010100110100100           1.11064587304  1.83787500858               1.65478038788           
REM  110110011011001011001110    

div  011011111000010101001101           0.871255517006 110001010100111011001011    111000100111011010111001
NO   011011111000010101001100           0.871255448141 1.54146707058               1.76924812794           
REM  011011010011111100101110    

div  011110110011100010111111           0.962669253349 111001011010101110010101    111011101001001110010100
ok   011110110011100010111111           0.962669267099 1.79429876804               1.86387872696           
REM  001100100011010100000110    

div  011101110100010000110011           0.931768774986 110001100101011001001000    110101001101110001011101
NO   011101110100010000110010           0.931768750567 1.54950809479               1.66297495365           
REM  110010111111100011010110    

div  011011011111001111110101           0.85900747776  110110100010001111011101    111111011111000111000000
ok   011011011111001111110101           0.859007507047 1.70421946049               1.98394012451           
REM  000001011100010101111000    

div  011110110100100110010100           0.963182926178 111000111001111110101000    111011000101001100001110
NO   011110110100100110010011           0.963182921634 1.77830982208               1.84628462791           
REM  000100100011110100101010    

div  011101000100000010111111           0.908225893974 111000010111000010000100    111110000011100000111010
ok   011101000100000010111111           0.908225951389 1.76124620438               1.93921589851           
REM  100010111000001110101100    

div  011101010010110001101111           0.915418505669 110101111101011000111000    111010111100011110000100
ok   011101010010110001101111           0.915418524782 1.68622493744               1.84202623367           
REM  110010101100111101000110    

div  100000010001000110000000           1.00834655762  111111010101011111110011    111110110011111100011100
NO   100000010001000101111111           1.00834650618  1.97924649715               1.96286344528           
REM  011110000100110010010000    

div  100111101010101101010001           1.23960316181  111111011111111111010000    110011001110011101011000
ok   100111101010101101010001           1.23960321011  1.98436927795               1.60081005096           
REM  111011011111111111001110    

