10001010000010100000111
11110000010101111100001
11011001001000110110001
10101101000111110001100
11110111110100001001101
11011000001100000011001
11101111001100111100011
10001100101001001100101
11110111110010110000100
10101001000010110001111
10110010100010011011110
11110001001011101101010
11110011010000101010001
11111011110011001100101
11011011001101010110000
10011011101001011010101
10101110111100110010101
11011001011010010010100
11100011111011011000010
10111110010100010001110
11011111111001101000101
11111100110100001001101
10001101010111110001010
10011001011010110101111
10011100111101111011001
10100101000110001000111
11000100110111010000000
10100110110011110000110
11000011100000100010110
10100111110111010000100
10011011100100101001000
11010111001010110010111
11111111010011100101001
11001100000110000001001
11101000110111001110010
11001111111100110001010
10110001100101000001101
11000101111100110100111
11001110111010001000010
10010110110001000000000
11111100101111111100001
11011010011110101100001
10000001011101110010111
10101101101101010101110
11101110011111011010110
10101000010101111110101
10101100011001001100010
10010010011011000100001
10001000111100001011110
10010001011100100110101
10110000101100011010111
10111011000001100001111
10001001110010100100101
10100000100001111111011
10011101110011011010100
11000111010110001011001
11000000011101111110111
10000100111111100101111
10011011011001110010011
11001001101000111111011
11100001001100101011001
11100110101010000100011
11101010101110010000101
10001110111011000110001
11001110111000100010000
10010000111110111011001
11000101110001010001001
11101101010101010111000
10111100000001011000011
10101111001001001001100
10110010001001100000011
11001110111100000001110
10100011011110010111001
10100011000000011101001
11010110111000101110111
10011101001110100100001
11101110111111011010101
11100111100110001101111
10000010000011010101010
11111101000100010100101
10100010111110010101101
10000110001000010100101
11001011101100101111100
10111000110010111111111
11000101001010100000101
11111110100110001111010
10001101001101110111110
11110000010000101101011
10000100001110011100100
10010000101101110110110
11010101100010110101100
11100000110001010101011
11011111101100111001101
10011101110100101111101
10101011010111000110101
10101011111100000100000
10100110101111101001111
11010111000110101100000
11100101011000000000100
11100100010100011001001
10101001110000001001011
10110011110000001011111
11011111110010001011001
10000111010001000000111
10011000000100111011111
10000110010001111101111
10000101110101110101110
11000111010110111000100
10010000000001110011111
11000100010000001000010
10011001010010001001110
10010000111101011110000
11000011001001100111001
11000111110111001001111
11101011010000011111111
11011110000100000100000
11000101101110111001011
11010111001100101110011
11000011100000101101001
10110000101100000101110
11010111001000001000000
10101100011111101011101
10101001011001010010100
10101011101001110111010
11111100110101110110101
11000101100100101001000
10001000110001011000100
11101000011000100111101
10010101100101000111011
10010101100010111101011
10011000011100110101111
10001010101010111110001
10111101010110111110010
11000110000101111101010
10010001111110110100000
11011101111000010011101
11011011011010101100110
11111101110001100000011
11111110010111101000110
10111111100010010111010
10011010001011011010010
10110100101010001001011
11000010000000111010101
10010110110111111001100
11001100011101110110010
11111101111111111111010
11110010010100000110010
10000111100111100001101
11010000101011000111101
10001000111111010101010
10000001010111000100110
10010100100100000100100
10111000110000010001111
11001100101011111111000
11010111011000101101111
11111110111010010001110
10101000010101001110110
11010111110111010011001
10001101111011111010011
10110111110110111000000
10111110111001110000111
11000010000100010111111
11010110000100101100000
11011011010000011100111
11010110100101110100101
11001111111011000001011
11100101001100010001011
11111001000100010000001
11010101000010010010110
11010011100101110000111
10100000001000001100100
11000010011001000101100
11011101111000100110101
10100001110111000111101
11000111101000101011000
11111111100010000011111
10000111110111011110100
11011110011111011011101
11100100000001000111111
10011000000001111000110
11111001000000010111011
10100110101001010101111
11111000110011010110111
11100001010000110101010
10101110001010000010001
11101010110000100100000
10010000010101000000011
10110100111110100001011
10110110110001101010011
11011111101101110001000
10111000001111001111010
11101000110110101010100
10110011001001101100111
11100000110011011101010
11011001010010111011100
11110010110101010011101
11000111010011110001100
11111100000111000001010
11000110100110011001000
10001100011110111100110
11001101100111001000101
10000100111101000001111
11000100001011011010100
10100000100010111111100
11011011011011101101101
10001001100000001011000
10000010111110011001001
11011100111000100001110
11000011011011110010000
10001001000110011110100
10000010100000101101101
11110001010000100111100
11010001100001110111000
10100111011001001010000
11100001001101111111000
11100111001110000000000
10001010110111110100010
10000111001010110101011
10001100000111101001000
11000000111111110111011
11000011010101001110001
10110101111000101000000
10110001100110111100110
10001001110010110011100
11010000010010100011101
10010011000011000101011
10011110011011111111111
10011010000111100011000
11110111011011011110011
11001100110100010110000
10101011100110010101010
11111111100000011010110
10101111101000001101001
11010011011110110100000
11010100011001100101101
10110011111001100001010
10010011100100101010010
10100110101000001110111
10001011001000010001000
10011011001110011110100
11001011111011000010010
11111010010010001101010
10100001001101001010010
11111011001100011111101
11101000000011101100111
10011000100100000001111
10001111110010001101101
11000001110011101110000
10111001100110011111110
11111011101001000101010
10111110101000110001111
10010010110100011101001
11000011111011101110010
11000111000010101010001
11110110101100100101001
10110111011111000010001
10110001000000111010101
11010011010010011001100
10100000010110100111010
11000100110001101011110
11111001101001101100110
11011010100000101110011
11011110100110011010001
10101111011000100010101
10000101111100011100100
10100001110000011011101
10001000010011011100001
11011110010001001011101
10101001001101011110000
11011000100000101111000
11010011001110101000101
10000011101111011010011
11011001101010010100010
10101011001010010011001
11100100001001010010011
11011010101000100010000
11010010010001001110011
10100101001001101101010
11000110100001111011100
10001011001110010100000
11000101100001000101000
11010100100110100110100
11111111011000111001010
11110100111110010111111
10110101110101001101100
11111111011111101111111
10011011100101001011111
10111011111101110001110
11011101001001000101001
11110011001100000100001
11100101010111101010000
10111100010010010010100
10111010110110001001001
11110100010110101000000
11111011111101111001111
10110100110100010010010
10111000100101001100001
11100111000101011100100
10001010010100100000110
11011001000100011010110
10110011101101010010111
11101111011001010000100
10000011100111011011101
11001011110111110110111
11110110111001110011100
10101101001101011110000
11010100011101001100011
11010111110100110111011
10100110000010001100111
11101000111110111001111
10110011101001001001111
11111010100100110100100
11101000101010010101100
11000100011101000011000
10110011000101000101001
11000000000111110101110
10000000000000101000000
10110101101011001101101
10110101100011111100001
10111110010101110100000
10000111110001111010101
10010001100010100111110
11001001001100011000111
11101110010011110110011
10010100001011101001011
11000100101011001010100
11000100011011101110001
10110110001100001000110
10101110100001001100001
11110000101010000010111
11010001000001000110111
10001100110001101110000
10000000100010000100010
11010100010010100011111
11011111000011010000101
10000101100110100110001
11111111001100011011001
10110011101000011100110
10011100001011011011111
10011100001000001101001
11101010001011101111110
11100101110001110111101
10000011111100011101011
11110110011000000101100
10111100101100010100011
10111101011000000010101
10001011000001000100100
11011100010101011000101
10011000001101010010111
11011001111100101011101
11000010110110101111010
11100001011010111011111
10111011101111011111001
10000000001111100110110
11001111101100101110010
10000010110010011110011
10000011010110011000000
11010111001110111111010
11100111111010010000110
11111111011011000001001
10010010001110101010111
11000011110101110000010
11000011100100000010100
10101101100110001110011
11011011001010100010110
11000111011010100100101
10100101011010001000100
10000101110111110000111
11001010011010101111101
10100010111100110011111
11100111001010000010100
10110101011101100111011
11101111110101111001101
11001111110100001001000
10110111001111000011010
10010001100111101101010
11111110101100110110000
11110010100011110111110
11010110011111101111101
10100111100111111011000
10001010100111011001011
11000100111011010111001
11001011010101110010101
11011101001001110010100
10001100101011001001000
10101001101110001011101
10110100010001111011101
11111011111000111000000
11000111001111110101000
11011000101001100001110
11000010111000010000100
11110000011100000111010
10101111101011000111000
11010111100011110000100
11111010101011111110011
11110110011111100011100
11111011111111111010000
10011001110011101011000
