011001011001111000001001
000010100010011100110000
100011010010000100100110
001100111110010100010000
100010001001001011000011
110100010101101001100110
100111111100111000111100
010011001110000101111000
100101111011011100010011
100111010000001110011100
011011111101111100111110
101000011100011010100000
011111011101100011110001
011000110111001111010000
100100111100001110011111
001000111101110110100110
011101001000010011111101
100010101101010110011000
100010101100100101011001
000001011111011010101010
011110001011100111100111
111011101001101100110000
011111000011101110111101
110100100000101101111110
011111011000011101111100
101000010010011100000100
100010010001100100111111
001010101001001001001010
100010000101100100101111
001001000100111010111110
011011111100111101010000
101011101111110100101000
100011100011111101010011
101100100011111111100000
100001101101111110010111
110010000011010110100000
011110100100000101111001
010111101110001001001010
100100011010101010110101
100010100010110000011110
100010010011111010110000
011000000001111101100000
011100101101001000110011
111000110000101101001100
100101010010100011010011
010000010001001101001000
100010000100001010110111
010110011011001100011110
011111010100100110101000
011011110111111001011000
011111010000001111110110
000000110110111110111010
011110010000001100000001
010101111001111111100010
011101000101001001110001
101000010111110000000110
100100111001001000001001
101001110000000101010010
011100110001000101001100
001101010100010001001010
011111101001000001101001
001110001010011010010000
100111010111010010000001
100101011001100110000110
100100111100001001101101
000111100011101000001110
011101011011110000011010
111100100111101001110000
100000111101001011001111
001000010110000101110000
011110000000101000110101
110011100001100001101010
100000000010010010001011
101001101110100000011110
100100011101110000111000
111001000001001101010010
100000011111000011100010
101111001010001001100010
011000010001000110101001
001010111011000011101110
100010010111011010101110
011111100011001011010100
100001010111110100101001
011111100000100100111110
011100011001101000101101
110000001111100110001010
011001100111010000100001
001011100101001100111010
011111000000001010010110
010011001100111101000100
011111010000001011010101
011010000111000010000010
100101000110000001100111
010010110111101110010100
011111111101001111001000
000100111010100100111000
011100101101110001001011
100111000001111101000000
100000000100011101111011
101111101111101110111100
011111010000111111111000
111111000000101100001000
100111001111010101000111
011100100101110000010010
100001011101011000110000
000010001011111001110010
011011011001010101100001
110101101101010001000000
011100010011100000011111
110011010001011110000000
100000101010100000110100
110000111011011000100000
011111101010110101010011
000010010001111101000110
100000111000100001100001
100011010110011100000000
011110110100000101100001
001101001111100010110010
100001011001000101101011
100101110110111000001100
100011001011110000101001
110010001011000110011010
011111110101001011101001
011101000101001110110100
100011111001100011011101
011000111011111111001110
011001101111000011100000
111110011001110100001110
100000000000001010111001
010100010001110110000010
100001000111100000001001
111100110111010110000100
011111011000100110111100
100010011110001011110010
011010111010101110101111
000101010010001000111000
011101110101111110010111
110010111011110011110000
100100011111100001111111
101101110100000011101000
011110000011110011011011
000111001100101000110110
100011011001001001100111
001000111000001011110000
011100111001000101101101
101001111101101010111010
101000101101111110101001
110111101100110101010000
100101110101100100100000
000110100001010101100010
011110011110110010100001
001111111011110101101000
011110100111011000110100
011000000110011000101000
011101100001100100001100
011101000111100010110010
011100110001101100101110
010011001100000010011000
011100111100110011111111
000000101001001000000000
011111110001100110000011
100101000001101011001100
011111101001101010010111
100001111110011001011100
100000011101011100001001
010011110010100111011100
011110101111011010001111
001001011101001001100100
100000000110010101010001
011001111100001101011010
011101100100001100100111
000110111110100110001000
100100100110001011101100
010010001010100001100110
011100100000001101010111
101101000100111101011010
011010001101001111001101
000110110111100100011110
100101111101011001110010
010111001011001001110000
100110001111000101100111
001000101001101101100010
100001100100001010111111
100001100011011011001100
011100000011000110011001
001001111001110100111000
011101010100001111001011
000001110110110011100010
011101010001001110010001
001101000110101010001000
011100110100010101000010
010001101110001110011000
011100111101100010101100
001100011000011100101010
011110010111001001111011
111111010001001110001110
011100101011001011100001
100111011010110001110100
100100101100001100011100
010101101100100111000100
100101111110100100101101
000100100110101111010100
100010101111001011111101
010001010000011000010000
100110101010011010001110
011011010010001010000000
011001111101111000100101
000000100111100011100000
100100101111111001111111
011010111111001000000000
011000110111110111111101
000001011101011100000000
100011001011110100010001
011011100010011010100000
011111100110110001110100
100001010100100000011110
100000010011011000110000
000011110100000011011010
011100001110110011101001
110001011100111100101110
100000111110111001000010
001110010100101000000000
100011001111000100000111
101000001101010101010000
100100110111001011111100
011101100110110100111010
100000010101100100100001
000001101011101000101110
100010111101011000000111
010101100111100001011000
011010110001000011000000
101000011011100101011100
011101100010111011100001
011110000001100011100000
100010011000101100110111
010101010110101110110010
011110100011101010001000
101100100000100011101100
011110101111110101010101
011101100101101111101000
011101000100011101010101
001010100101100010011000
011010010100101000011011
111001100101101111101000
100110001110011110111100
110000000000010010110100
011100011100001111011000
110000111001000110100000
011011110101100100100001
010010100111111001100010
100011011110110001101001
000001001011000110011010
011111110010000000101010
001010100110011000101100
100100100110100100010001
000010100010100011010000
011101101001110010100011
101001011111000111011000
011101011011010000000110
011110011100100110001100
100010000110011001101110
011010111000010001100010
100011100000001010010111
101010011100011010000110
011101110111101001110110
101000101101000011110000
011010001111111000111011
001011000010110110000000
011100110010111110111110
110110010100000010100000
100110100011110110000110
000011111110111010100000
100011011110111100010111
100111101011010111001000
100000101001000010101111
001011011001111001011110
100011011011011001100101
000001101100010011100000
100100110011010100011011
010101101111011100111000
011110111110000100010000
010111100111110000000000
100000101010100100110001
010110011100111110010100
011011011001000011010001
010001101001001111001000
011101101010100111001101
011100100111101110101010
011110100101100011001110
000011111111111110101000
100010111101011000011101
001011010101001100001000
011100010100100111011001
110011110001011111111110
100101001101100101011111
010110100100000010110010
011100111100011110000001
101100111010010011110000
011010101011000101010111
000100101110000100111100
011100001001001111111111
001000001011101111000000
011010111110001101100100
001000100100011100111010
100101011111101000010000
100011100101000111011110
011111110001010111110111
000110000101011111001010
011011100111100110011101
100101011000011000011100
011011100001001110111001
001000110111110000000000
100010100011111001000011
001110110100010100000000
011111000100011001000000
001110110001011101001000
011100000100111000101001
001101101010011011111000
011111010111101101111001
001100101100111000111110
011111001110001101110011
001001110001000110110100
011101100110001110000111
011010010000001111100010
011100100100100111000000
100110101001010001100110
100001000010100100100011
001100101100000100011010
011011101111010001100001
110011001010001111110010
100101100000001110101011
100001001001101010100000
011010010001101100101001
010010100110001100001100
100111010110001100011101
000101100111100100101110
100101100011001110111101
100111000101010100011100
100000000000010000000011
110110000001110010001110
100000010010100100010111
011000000101110010111000
011000101101100000010101
110001011111110001101000
011111111100110110111101
010111101000000111010010
011010100010011000000011
001111001000101010010110
011011100011111011010001
011100111001100101100000
011101111101111110001101
110010011001100111110000
100100111101000111110100
101100101011010111011100
100110010111001110101110
100111111111100010101010
011010010011011011110101
011000101110001110100000
011110100001110110001011
011110101001011001100010
011100011111001000101100
100011101010110011000100
100001101000101101111001
001110000011000101101100
100001011000110100000101
011011110000001001010010
100010100101101010100010
100001000110100101111100
100011000000111011110011
010010011111010010001000
100011101000101001010011
101100110101110111011100
100010001101011010110101
010000011101100100011000
100010111111110011111000
010111100001101011010100
100000110001110111101011
000010101110100001011100
100011100010100110100101
110110011011001011001110
011011111000010101001101
011011010011111100101110
011110110011100010111111
001100100011010100000110
011101110100010000110011
110010111111100011010110
011011011111001111110101
000001011100010101111000
011110110100100110010100
000100100011110100101010
011101000100000010111111
100010111000001110101100
011101010010110001101111
110010101100111101000110
100000010001000110000000
011110000100110010010000
100111101010101101010001
111011011111111111001110
