00011110110010101010101010101011
00000000000000000000000000000000
01110000111111111111111111111111
11001101100000000000000000000011
01101111010101010101010101010101
10110010111010101010101010101010
11111111100000000000000000000000
00000000000000000000000000000000
11111111100000000000000000000000
01111111100000000000000000000000
01111111100000000000000000000000
10000000000000000000000000000000
00000000000000000000000000000000
01011000000000000000000000000001
11000110010101010101010101010101
10110011111001101010101010101010
00000000000000000000000000000000
01001100011111111111111111111111
11010010101111111111111111111111
10000000000000000000000000000000
10000000000000000000000000000000
00011111110101010101010101010101
01000000101010101010101010101011
10011010000000000000000000000011
00000000000000000000000000000000
10000011000000000000000000000001
10000011000000000000000000000001
10000000000000000000000000000000
10101101000000000000000000000010
00100110111111111111111111111111
00100111001111111111111111111111
10000000000000000000000000000000
10100010001010101010101010101011
00100000111000000000000000000001
01100001010101010101010101010101
00001100111111111111111111111111
10111000100000000000000000000011
10100110011010101010101010101010
01111111100000000000000000000000
11111111100000000000000000000000
11111111100000000000000000000000
00100000110101010101010101010101
11111111100000000000000000000000
01001101101101011111111111111111
00000000000000000000000000000000
11010000001010101010101010101011
01100101010101010101010101010101
11100101010101010101010101010101
11001100101010101010101010101011
10000001011000010100000000000001
01111111100000000000000000000000
11011011110101010101010101010101
00010100011111111111111111111111
01111111100000000000000000000000
01000010001111111111111111111110
10011110110101010101010101010101
10100001101111111111111111111111
00111110101010101010101010101011
00100011101010101010101010101011
00000000000000000000000000000000
10010000111111110101111111111111
10100011111111111111111111111111
00000000000000000000000000000000
11010000010101010101010101010100
10000101010101010101010101010101
01111111100000000000000000000000
11111111100000000000000000000000
10000000000000000000000000000000
11111111100000000000000000000000
11001001011111010111111111111111
11110000001010101010101010101011
00000000000000000000000000000000
00000000000000000000000000000000
00111000001010101010101010101011
01111111100000000000000000000000
11010010001010101010101010101011
00000000000000000000000000000000
01101101001010101010101010101011
10001101010101010101010101010101
00011101010111111111111111111111
11010010111111111111111111111111
01000110001010101010101010101011
11101011111001010000000000000001
00100011101111010111111111111110
00000000000000000000000000000000
01111111100000000000000000000000
01111111100000000000000000000000
11111111100000000000000000000000
00111111011111111111111111111111
01100001001010101010101010101011
10110000111111111111111111111111
00110001001111010111111111111111
00010111011111111111111111111111
11000100000111111111111111111111
10100000001010101010101010101011
01010111000000000000000000000011
10000000000000000000000000000000
01011000001010101010101010101011
10000000000000000000000000000000
00000000000000000000000000000000
10111000010101010101010101010101
00111010000101010101010101010101
10010101101010101010101010101011
11111111100000000000000000000000
01100010101010101010101010101011
00011110111101111111111111111111
00101000101111111111111111111111
11011101011111111111111111111111
01101100011101011111111111111111
00011010001010000000000000000011
11111111100000000000000000000000
00100000000000000000000000000010
00011100001001010101010101010111
10111011001010101010101010101011
00000000000000000000000000000000
01111111100000000000000000000000
00111100000000000000000000000010
10010110101010101010101010101011
10111101001010101010101010101011
01000010101010101010101010101011
00011111001011010101010101010101
01100011111010101010101010101011
11111111100000000000000000000000
11101100100000000000000000000010
10101010000000000000000000000010
00000000000000000000000000000000
00111100101010101010101010101011
00111100101010101010101010101011
01010101001010101010101010101011
01010101001010101010101010101011
01111111100000000000000000000000
00010100101111111111111111111110
01111111100000000000000000000000
10000000000000000000000000000000
00110011000000000000000000000001
01011100000000000000000000000011
11011100000000000000000000000011
10101000100000000000000000000011
10100110111111111111111111111111
00101001001111111111111111111111
01111111100000000000000000000000
00010010001101011111111111111111
10000110100000000000000000000011
01100001101101011010111111111111
01010010110101010101010101010101
10001010011011111111111111111111
11111111100000000000000000000000
10000000000000000000000000000000
10010111111010101010101010101010
11101101010000000000000000000001
10011010101111111111111111111110
00110101100000000000000000000001
00011011111111111111111111111111
11111111100000000000000000000000
01100111101010101010101010101011
11111111100000000000000000000000
10011110111010101010101010101011
00110100001010101010101010101011
01001110001101010101010101010101
11011101101010101010101010101011
00000000000000000000000000000000
11111111100000000000000000000000
01111111100000000000000000000000
00111011111110101111111111111111
11000000101010101010101010101011
01000000101010101010101010101011
00111010110101010101010101010101
00000000000000000000000000000000
01010100110101010101010101010101
11111111100000000000000000000000
10001110000000000000000000000010
01111111100000000000000000000000
00000000000000000000000000000000
00001000101010101010101010101011
01111111100000000000000000000000
00010011001010101010101010101011
11010011101000000000000000000001
00001010110101010101010101010101
00000000000000000000000000000000
10110101011111111111111111111111
10000010100101010101010101010101
00110010100101010101010101010101
01111111100000000000000000000000
01001110100111111111111111111111
01000100001010101010101010101011
01111111100000000000000000000000
10111111011111111111111111111111
11111111100000000000000000000000
01111111100000000000000000000000
01111111100000000000000000000000
10010111111111111111111111111110
10011010001111111111111111111110
11111111100000000000000000000000
10000000000000000000000000000000
11011000111010011010101010101010
00100011011010101010101010101010
10000000000000000000000000000000
00000101111111111111111111111111
